-20.86
-75.45
-75.55
-74.61
-75.86
-76.83
-76.48
-77.93
-81.95
-83.83
-82.88
-86.99
-82.77
-84.38
-84.24
-86.23
-82.96
-81.16
-80.72
-82.69
-81.07
-81.12
-84.47
-80.20
-80.82
-83.91
-85.62
-87.14
-82.76
-81.26
-83.89
-85.02
-83.47
-85.80
-85.10
-83.18
-80.21
-77.61
-76.01
-83.24
-82.74
-82.88
-86.49
-90.10
-88.82
-88.35
-85.39
-90.01
-88.28
-87.06
-82.38
-84.72
-82.19
-86.04
-85.44
-85.25
-85.78
-87.42
-87.64
-86.52
-85.04
-86.92
-88.36
-86.29
-85.49
-88.23
-90.77
-90.32
-89.39
-92.13
-98.22
-95.92
-92.08
-89.19
-90.84
-91.28
-92.94
-89.27
-88.44
-87.13
-89.69
-90.28
-97.25
-97.11
-96.58
-96.04
-91.99
-90.90
-86.90
-87.78
-86.58
-87.46
-90.13
-89.51
-92.91
-88.44
-89.07
-88.18
-86.49
-88.71
-88.81
-89.62
-95.05
-93.16
-93.81
-93.73
-89.43
-88.86
-89.54
-88.30
-87.81
-89.21
-99.10
-74.89
-75.06
-75.47
-75.01
-74.30
-76.22
-76.82
-77.63
-80.17
-84.90
-82.63
-82.64
-82.66
-83.16
-85.47
-85.07
-83.17
-81.08
-80.62
-82.39
-81.25
-81.27
-80.34
-78.86
-80.75
-84.35
-86.11
-87.02
-83.34
-81.29
-84.81
-84.94
-83.87
-87.36
-84.53
-79.40
-76.54
-77.68
-80.46
-83.90
-82.87
-84.44
-88.17
-91.82
-87.11
-83.36
-91.47
-88.27
-86.08
-82.18
-85.77
-81.33
-84.28
-86.83
-85.45
-86.25
-85.12
-87.15
-86.83
-85.41
-85.63
-88.19
-87.57
-85.73
-87.08
-90.64
-91.17
-89.65
-90.76
-95.86
-98.88
-91.72
-89.74
-89.09
-91.47
-91.92
-89.94
-88.24
-87.79
-88.66
-92.17
-93.89
-95.21
-96.54
-98.68
-90.83
-89.56
-87.14
-85.91
-87.35
-86.53
-90.41
-89.54
-91.46
-88.72
-87.59
-88.77
-86.58
-88.17
-90.36
-90.12
-95.61
-93.86
-92.43
-93.15
-89.17
-88.17
-89.35
-88.78
-87.78
-93.75
-250.00
-250.00
-74.79
-74.75
-75.08
-75.03
-74.47
-75.45
-76.64
-78.00
-79.31
-84.66
-82.71
-87.50
-83.08
-82.19
-85.97
-85.34
-82.40
-81.58
-80.13
-79.92
-81.03
-81.45
-80.28
-79.36
-81.04
-85.17
-86.15
-83.73
-82.47
-81.56
-85.62
-84.74
-84.08
-85.91
-83.84
-78.93
-77.01
-76.45
-81.41
-84.69
-83.41
-86.51
-89.02
-88.93
-88.81
-88.70
-90.79
-84.96
-85.57
-86.17
-81.35
-82.82
-85.66
-86.16
-86.70
-84.81
-84.81
-87.82
-85.70
-85.24
-87.17
-88.39
-86.71
-86.31
-89.21
-93.04
-90.02
-90.19
-93.66
-97.87
-93.21
-89.15
-88.80
-90.13
-91.45
-91.00
-88.02
-88.47
-88.63
-91.85
-95.09
-97.63
-99.47
-93.62
-92.28
-87.34
-87.44
-85.13
-86.65
-87.09
-88.90
-90.89
-89.37
-90.45
-86.87
-88.32
-87.42
-87.69
-91.87
-91.22
-95.29
-94.49
-91.14
-92.26
-89.27
-87.73
-88.92
-91.58
-92.37
-129.21
-250.00
-250.00
-250.00
-77.14
-74.48
-74.61
-74.97
-74.56
-75.37
-75.79
-78.44
-79.09
-83.15
-83.40
-87.55
-82.99
-82.02
-85.01
-86.73
-81.29
-82.42
-79.73
-79.84
-80.93
-82.81
-80.03
-79.76
-81.05
-85.82
-86.72
-82.50
-82.47
-82.17
-85.96
-84.85
-85.85
-84.66
-79.91
-75.57
-77.36
-81.21
-82.26
-85.64
-84.57
-88.03
-88.33
-89.54
-89.52
-89.51
-89.68
-82.97
-86.07
-81.50
-82.44
-83.66
-85.34
-87.65
-84.75
-84.02
-85.82
-87.45
-85.04
-86.09
-89.00
-87.52
-86.32
-87.76
-94.09
-91.11
-89.84
-91.78
-97.44
-93.55
-89.46
-88.14
-89.20
-91.89
-90.31
-89.55
-87.84
-90.06
-90.78
-95.52
-94.08
-95.33
-93.06
-90.50
-87.34
-85.71
-85.75
-85.22
-88.29
-88.02
-92.06
-88.32
-89.96
-87.18
-87.19
-88.79
-87.80
-92.42
-93.10
-94.42
-95.09
-90.21
-91.05
-90.14
-87.58
-90.09
-96.92
-118.17
-250.00
-250.00
-250.00
-250.00
-250.00
-250.00
-74.33
-74.42
-74.39
-74.67
-75.31
-75.46
-77.78
-79.76
-81.88
-83.30
-82.91
-82.52
-82.04
-84.26
-87.96
-80.78
-82.52
-80.60
-79.23
-81.98
-82.68
-78.60
-80.99
-81.49
-85.81
-83.54
-83.03
-82.51
-83.00
-85.92
-85.18
-84.41
-83.70
-79.37
-76.01
-76.59
-81.70
-83.63
-86.88
-86.31
-87.11
-87.66
-82.53
-85.09
-84.42
-83.75
-84.12
-82.17
-82.23
-83.50
-88.65
-87.34
-85.56
-83.66
-84.61
-87.00
-86.36
-85.29
-87.71
-89.67
-86.09
-87.12
-93.68
-92.42
-89.94
-90.58
-94.31
-95.32
-89.49
-87.73
-88.68
-90.66
-91.93
-89.30
-89.22
-89.29
-92.43
-92.40
-93.64
-92.19
-93.60
-88.32
-87.54
-84.69
-85.56
-85.17
-87.68
-88.91
-90.62
-89.85
-88.21
-88.29
-86.49
-89.59
-88.92
-92.05
-95.81
-93.34
-95.30
-90.50
-89.85
-91.57
-90.16
-92.58
-106.39
-216.08
-250.00
-250.00
-250.00
-250.00
-250.00
-250.00
-250.00
-74.24
-74.09
-74.29
-74.29
-75.40
-75.13
-77.24
-79.81
-82.21
-81.73
-82.26
-82.79
-81.42
-84.39
-87.65
-81.03
-81.61
-81.46
-78.55
-82.44
-79.81
-78.77
-80.78
-82.28
-86.17
-83.82
-82.11
-82.93
-83.70
-85.79
-85.09
-82.84
-79.87
-75.99
-76.56
-82.62
-82.14
-85.63
-88.35
-87.72
-85.40
-85.74
-86.08
-85.73
-88.67
-87.33
-85.99
-83.50
-83.76
-83.34
-82.92
-86.39
-83.89
-83.53
-86.29
-87.13
-85.73
-86.49
-89.23
-87.73
-86.05
-91.81
-94.66
-90.03
-89.70
-92.46
-95.21
-90.05
-87.55
-87.82
-90.72
-91.80
-90.71
-89.66
-90.31
-91.09
-92.86
-90.11
-92.36
-90.23
-88.68
-85.68
-85.18
-84.20
-86.24
-86.59
-90.87
-89.31
-91.21
-87.19
-88.69
-86.93
-89.02
-91.28
-91.83
-92.49
-93.15
-94.79
-92.43
-91.52
-92.93
-94.21
-104.26
-129.05
-250.00
-250.00
-250.00
-250.00
-250.00
-250.00
-250.00
-250.00
-250.00
-75.95
-73.94
-74.08
-74.14
-75.29
-75.02
-76.67
-79.44
-81.81
-81.05
-86.18
-84.14
-80.72
-84.33
-87.41
-81.33
-80.90
-82.13
-78.39
-81.96
-80.28
-78.62
-81.51
-82.88
-84.10
-83.30
-81.86
-83.90
-83.83
-85.62
-86.79
-79.36
-79.59
-76.41
-75.50
-84.02
-83.13
-88.13
-89.42
-84.98
-85.10
-82.25
-85.41
-85.31
-80.00
-84.76
-82.40
-84.91
-83.55
-82.19
-84.09
-85.38
-83.22
-84.57
-88.35
-86.33
-86.00
-88.40
-88.23
-86.83
-89.31
-93.97
-91.87
-88.86
-90.75
-95.06
-90.69
-87.37
-87.58
-89.71
-93.14
-91.89
-90.71
-91.12
-91.11
-89.23
-89.47
-89.75
-89.41
-87.84
-85.09
-84.67
-84.16
-85.86
-87.33
-90.47
-90.12
-90.16
-87.72
-87.52
-88.59
-88.43
-93.95
-92.37
-92.61
-92.85
-93.69
-96.19
-96.09
-96.00
-108.56
-128.42
-250.00
-250.00
-250.00
-250.00
-250.00
-250.00
-250.00
-250.00
-250.00
-250.00
-250.00
-76.42
-75.54
-73.71
-73.94
-75.16
-75.16
-76.22
-78.86
-82.07
-80.88
-84.95
-84.01
-81.20
-83.74
-88.64
-80.99
-80.90
-79.29
-78.81
-81.00
-78.76
-78.13
-82.22
-82.93
-85.03
-84.23
-81.77
-85.18
-83.57
-85.36
-84.59
-78.21
-75.98
-76.93
-81.34
-85.01
-84.92
-89.59
-88.60
-84.77
-80.31
-86.89
-85.71
-84.82
-87.82
-80.76
-84.58
-84.48
-82.03
-82.71
-84.14
-84.90
-83.33
-86.73
-88.94
-85.74
-87.08
-90.10
-86.78
-88.23
-92.23
-92.01
-89.41
-88.95
-93.43
-91.69
-87.64
-87.02
-89.74
-93.14
-93.89
-92.55
-91.58
-90.71
-88.08
-88.01
-88.17
-89.09
-86.24
-85.41
-83.60
-84.90
-85.08
-89.14
-89.37
-92.35
-88.32
-89.15
-86.75
-90.05
-89.13
-93.39
-94.57
-97.14
-96.60
-93.77
-95.52
-93.94
-101.50
-128.48
-170.49
-250.00
-250.00
-250.00
-250.00
-250.00
-250.00
-250.00
-250.00
-250.00
-250.00
-250.00
-250.00
-94.62
-73.66
-73.55
-73.83
-73.80
-75.01
-76.43
-78.13
-80.43
-80.96
-84.48
-83.18
-82.02
-82.67
-82.59
-80.66
-80.94
-78.98
-79.23
-81.24
-79.41
-77.86
-82.93
-81.56
-86.02
-82.83
-82.17
-85.72
-83.18
-86.37
-80.01
-78.02
-76.41
-79.51
-83.71
-86.47
-87.39
-87.87
-85.23
-84.83
-84.42
-87.39
-82.87
-82.35
-81.83
-82.10
-85.22
-82.23
-82.64
-82.57
-84.66
-84.60
-84.46
-89.16
-87.93
-85.69
-88.60
-89.02
-86.83
-89.88
-94.57
-88.94
-88.71
-91.42
-92.03
-88.21
-87.02
-89.05
-94.39
-96.48
-94.65
-92.65
-89.01
-87.09
-86.30
-87.76
-87.14
-86.45
-84.32
-83.93
-84.21
-86.08
-88.63
-91.14
-91.84
-88.34
-89.13
-88.08
-88.77
-91.65
-92.19
-102.00
-98.89
-95.51
-92.13
-97.89
-96.40
-118.93
-167.21
-250.00
-250.00
-250.00
-250.00
-250.00
-250.00
-250.00
-250.00
-250.00
-250.00
-250.00
-250.00
-250.00
-250.00
-250.00
-73.46
-73.35
-73.35
-73.62
-74.86
-74.88
-77.99
-79.77
-81.24
-84.37
-82.27
-82.32
-83.04
-80.80
-81.61
-80.27
-79.21
-79.66
-78.91
-79.36
-79.62
-82.68
-82.40
-87.62
-82.73
-83.05
-85.12
-83.02
-84.18
-78.57
-75.75
-77.04
-80.95
-85.98
-88.77
-88.10
-84.72
-84.71
-85.35
-85.99
-85.59
-81.31
-81.97
-82.63
-81.99
-83.10
-82.60
-81.95
-83.29
-84.96
-84.99
-86.45
-89.51
-86.79
-86.14
-89.38
-87.55
-87.43
-92.34
-91.17
-87.50
-90.06
-93.69
-88.46
-87.33
-88.99
-94.13
-100.87
-98.26
-93.05
-88.19
-85.74
-85.62
-86.03
-87.08
-85.68
-84.04
-83.92
-84.11
-86.99
-88.77
-93.94
-90.84
-90.92
-87.51
-89.73
-88.23
-93.76
-93.19
-101.71
-98.67
-99.22
-96.78
-105.05
-109.02
-128.78
-164.49
-250.00
-250.00
-250.00
-250.00
-250.00
-250.00
-250.00
-250.00
-250.00
-250.00
-250.00
-250.00
-250.00
-250.00
-250.00
-250.00
-74.04
-73.20
-73.16
-73.20
-74.70
-74.72
-76.37
-79.13
-81.24
-84.69
-84.85
-82.28
-83.64
-80.08
-82.23
-79.73
-79.27
-79.70
-77.96
-78.98
-80.38
-81.89
-83.70
-85.18
-83.01
-83.47
-83.90
-82.57
-79.88
-78.29
-75.94
-80.54
-83.28
-88.56
-91.91
-83.59
-84.22
-79.74
-82.70
-80.76
-78.81
-88.15
-83.88
-82.20
-81.24
-84.04
-81.29
-82.55
-84.94
-84.95
-86.14
-88.63
-87.72
-86.12
-87.95
-87.52
-87.02
-89.82
-91.10
-88.44
-88.43
-92.19
-90.59
-87.42
-89.25
-94.09
-101.88
-101.78
-92.34
-87.23
-84.91
-84.35
-85.60
-86.21
-85.11
-84.29
-83.36
-85.08
-86.54
-91.84
-93.21
-91.57
-89.71
-88.05
-89.37
-90.69
-91.61
-101.83
-99.31
-98.94
-97.36
-99.01
-100.83
-131.07
-138.97
-250.00
-250.00
-250.00
-250.00
-250.00
-250.00
-250.00
-250.00
-250.00
-250.00
-250.00
-250.00
-250.00
-250.00
-250.00
-250.00
-250.00
-250.00
-76.23
-73.04
-72.96
-72.98
-74.51
-74.57
-76.13
-78.80
-80.35
-88.54
-84.54
-82.52
-83.95
-79.57
-82.18
-80.76
-78.57
-80.55
-77.59
-79.11
-80.89
-81.37
-86.32
-83.58
-84.15
-82.70
-83.21
-80.31
-78.89
-77.03
-76.42
-82.76
-85.96
-90.36
-90.93
-81.99
-82.49
-83.00
-84.52
-85.72
-87.37
-83.41
-84.79
-80.43
-82.58
-82.88
-80.91
-84.09
-86.41
-84.97
-87.86
-89.05
-85.85
-87.07
-89.13
-85.89
-88.49
-92.56
-88.13
-88.14
-92.20
-90.85
-88.95
-89.33
-93.90
-96.99
-98.12
-91.34
-86.37
-83.89
-83.76
-84.65
-85.80
-85.28
-83.70
-84.73
-85.26
-88.20
-91.88
-93.23
-92.63
-88.20
-90.62
-88.36
-93.95
-93.18
-95.11
-97.03
-104.29
-100.03
-110.85
-125.18
-136.51
-250.00
-250.00
-250.00
-250.00
-250.00
-250.00
-250.00
-250.00
-250.00
-250.00
-250.00
-250.00
-250.00
-250.00
-250.00
-250.00
-250.00
-250.00
-250.00
-250.00
-82.90
-72.83
-72.74
-72.77
-74.08
-74.39
-75.93
-78.45
-79.88
-86.97
-84.96
-81.71
-84.63
-79.34
-81.79
-78.70
-78.10
-81.20
-77.07
-80.03
-80.69
-82.71
-83.01
-83.31
-85.67
-81.17
-82.57
-79.15
-78.01
-77.50
-79.30
-86.80
-87.73
-89.23
-84.62
-80.80
-79.95
-83.62
-83.30
-82.66
-82.02
-83.73
-81.45
-79.18
-82.45
-82.22
-81.91
-86.48
-86.54
-85.21
-89.84
-87.09
-84.44
-90.14
-87.00
-86.02
-92.09
-90.61
-87.09
-90.89
-95.07
-89.69
-90.84
-92.34
-93.76
-93.39
-89.48
-85.63
-83.26
-82.86
-84.35
-85.54
-85.91
-84.88
-84.42
-85.94
-88.68
-92.46
-95.67
-92.38
-90.60
-88.76
-92.18
-91.43
-97.78
-96.71
-100.81
-101.06
-99.64
-135.35
-135.22
-135.09
-250.00
-250.00
-250.00
-250.00
-250.00
-250.00
-250.00
-250.00
-250.00
-250.00
-250.00
-250.00
-250.00
-250.00
-250.00
-250.00
-250.00
-250.00
-250.00
-250.00
-250.00
-250.00
-73.40
-72.56
-72.58
-73.65
-73.85
-75.74
-78.83
-73.36
-77.62
-85.20
-81.53
-84.73
-79.43
-81.09
-79.13
-77.82
-77.31
-77.37
-81.37
-79.97
-83.67
-87.00
-83.80
-85.22
-80.17
-80.36
-78.17
-76.78
-78.04
-81.30
-83.98
-86.65
-85.40
-82.63
-77.87
-85.25
-83.19
-82.95
-84.74
-82.68
-81.43
-80.19
-80.31
-82.98
-82.54
-83.24
-88.79
-85.48
-85.88
-90.57
-84.35
-86.20
-88.60
-86.27
-88.40
-91.83
-88.42
-89.26
-95.56
-93.66
-91.76
-93.03
-89.46
-88.73
-88.29
-84.66
-82.71
-82.47
-84.60
-86.47
-86.18
-84.68
-84.68
-86.37
-89.19
-95.94
-96.78
-91.96
-90.00
-90.43
-91.91
-92.22
-96.77
-98.40
-100.04
-102.31
-127.83
-124.37
-128.22
-214.60
-250.00
-250.00
-250.00
-250.00
-250.00
-250.00
-250.00
-250.00
-250.00
-250.00
-250.00
-250.00
-250.00
-250.00
-250.00
-250.00
-250.00
-250.00
-250.00
-250.00
-250.00
-250.00
-250.00
-73.19
-72.37
-72.39
-73.46
-73.48
-75.52
-78.55
-72.54
-76.90
-81.15
-82.26
-84.12
-79.78
-80.41
-80.01
-78.50
-77.10
-77.77
-80.90
-81.42
-84.92
-86.59
-83.81
-83.04
-79.58
-79.38
-77.47
-77.55
-80.67
-85.05
-83.78
-82.51
-84.42
-78.03
-81.83
-79.87
-77.91
-80.69
-83.47
-80.53
-81.39
-80.70
-80.76
-84.25
-82.56
-85.05
-88.97
-84.48
-87.26
-86.07
-84.98
-87.41
-86.65
-88.22
-92.52
-88.32
-90.19
-96.64
-96.18
-97.25
-90.79
-88.31
-85.92
-86.37
-84.66
-82.85
-82.81
-84.40
-86.31
-86.02
-85.05
-85.24
-86.80
-90.95
-95.90
-96.10
-96.41
-90.89
-91.84
-90.27
-94.25
-98.51
-101.62
-102.67
-103.72
-115.94
-128.15
-175.70
-250.00
-250.00
-250.00
-250.00
-250.00
-250.00
-250.00
-250.00
-250.00
-250.00
-250.00
-250.00
-250.00
-250.00
-250.00
-250.00
-250.00
-250.00
-250.00
-250.00
-250.00
-250.00
-250.00
-250.00
-250.00
-75.35
-72.14
-72.08
-73.24
-73.25
-75.35
-78.37
-71.60
-75.98
-81.01
-82.27
-79.97
-79.99
-80.00
-79.92
-78.99
-76.59
-78.82
-79.52
-83.25
-86.07
-88.42
-82.75
-81.33
-76.61
-78.71
-77.94
-77.35
-82.76
-86.59
-85.86
-81.71
-82.71
-78.03
-85.00
-85.17
-86.50
-85.38
-80.90
-79.81
-82.78
-80.01
-82.33
-84.49
-82.69
-87.13
-86.95
-84.64
-86.08
-84.05
-87.29
-87.10
-87.01
-95.88
-91.09
-88.70
-99.95
-100.99
-102.02
-91.70
-84.93
-84.76
-86.51
-84.48
-83.06
-82.37
-83.89
-86.51
-86.40
-85.78
-86.63
-87.72
-91.23
-99.02
-96.32
-93.62
-91.82
-89.91
-91.18
-95.81
-104.50
-106.81
-102.96
-129.10
-128.27
-128.03
-250.00
-250.00
-250.00
-250.00
-250.00
-250.00
-250.00
-250.00
-250.00
-250.00
-250.00
-250.00
-250.00
-250.00
-250.00
-250.00
-250.00
-250.00
-250.00
-250.00
-250.00
-250.00
-250.00
-250.00
-250.00
-250.00
-250.00
-81.97
-72.05
-71.89
-71.92
-73.05
-74.44
-77.51
-70.53
-74.93
-80.68
-82.29
-80.05
-79.41
-80.10
-79.40
-77.56
-76.24
-79.04
-79.29
-85.07
-83.64
-88.28
-81.11
-79.72
-77.43
-75.61
-79.21
-81.70
-86.41
-83.35
-82.75
-81.38
-78.95
-81.95
-83.77
-87.20
-81.92
-81.88
-79.33
-81.83
-81.90
-80.53
-83.55
-83.84
-83.39
-88.32
-85.49
-86.03
-83.31
-85.29
-91.44
-86.89
-91.26
-95.69
-91.12
-95.02
-97.04
-99.45
-90.87
-85.10
-83.55
-85.33
-85.10
-82.33
-82.27
-83.89
-86.05
-86.81
-87.57
-86.62
-88.20
-92.99
-102.16
-100.39
-93.32
-89.73
-89.77
-94.52
-97.84
-103.64
-106.36
-122.93
-129.44
-127.92
-169.05
-250.00
-250.00
-250.00
-250.00
-250.00
-250.00
-250.00
-250.00
-250.00
-250.00
-250.00
-250.00
-250.00
-250.00
-250.00
-250.00
-250.00
-250.00
-250.00
-250.00
-250.00
-250.00
-250.00
-250.00
-250.00
-250.00
-250.00
-250.00
-250.00
-72.48
-71.67
-71.71
-72.83
-74.18
-77.48
-75.09
-81.05
-80.31
-83.08
-80.06
-79.30
-78.12
-78.84
-76.47
-75.64
-77.64
-80.67
-82.16
-83.65
-86.22
-79.39
-76.46
-77.47
-77.21
-79.09
-82.88
-85.93
-80.29
-82.39
-78.26
-83.36
-82.93
-81.24
-80.94
-80.26
-80.81
-80.80
-82.07
-81.02
-80.71
-84.52
-83.14
-85.39
-87.09
-84.85
-85.55
-83.32
-90.13
-91.63
-89.99
-97.34
-92.44
-96.62
-93.31
-94.60
-88.98
-84.50
-83.05
-83.64
-84.36
-83.02
-81.84
-83.44
-88.46
-89.20
-87.78
-87.30
-89.53
-93.65
-95.95
-98.26
-91.24
-90.75
-93.19
-95.31
-103.74
-109.97
-118.57
-128.97
-128.02
-127.85
-250.00
-250.00
-250.00
-250.00
-250.00
-250.00
-250.00
-250.00
-250.00
-250.00
-250.00
-250.00
-250.00
-250.00
-250.00
-250.00
-250.00
-250.00
-250.00
-250.00
-250.00
-250.00
-250.00
-250.00
-250.00
-250.00
-250.00
-250.00
-250.00
-250.00
-250.00
-72.26
-71.43
-71.40
-71.40
-73.90
-77.14
-77.67
-80.63
-79.91
-82.87
-80.15
-79.09
-78.62
-78.90
-76.48
-76.12
-79.91
-83.43
-84.64
-85.84
-82.95
-75.80
-77.39
-76.16
-78.02
-84.05
-83.05
-80.99
-80.21
-82.62
-78.95
-78.22
-77.49
-79.00
-80.38
-79.84
-82.82
-80.57
-81.85
-80.47
-81.39
-85.32
-83.53
-88.33
-83.51
-86.40
-84.86
-86.71
-94.04
-92.96
-103.62
-98.66
-101.85
-88.77
-90.45
-90.02
-83.63
-81.98
-83.26
-83.96
-82.55
-82.29
-84.28
-87.17
-91.16
-88.47
-88.70
-90.49
-94.01
-94.54
-95.07
-92.05
-92.48
-94.46
-100.94
-108.93
-121.37
-126.47
-128.11
-127.74
-219.26
-250.00
-250.00
-250.00
-250.00
-250.00
-250.00
-250.00
-250.00
-250.00
-250.00
-250.00
-250.00
-250.00
-250.00
-250.00
-250.00
-250.00
-250.00
-250.00
-250.00
-250.00
-250.00
-250.00
-250.00
-250.00
-250.00
-250.00
-250.00
-250.00
-250.00
-250.00
-250.00
-74.64
-71.32
-71.16
-72.40
-73.64
-76.82
-77.94
-80.25
-79.51
-82.54
-79.40
-79.08
-78.29
-76.66
-75.71
-75.09
-83.38
-88.45
-87.77
-82.48
-79.23
-75.14
-77.82
-78.24
-77.80
-84.06
-80.31
-80.28
-80.46
-80.55
-84.03
-84.10
-82.93
-78.79
-80.37
-81.96
-81.90
-80.15
-81.21
-79.76
-83.59
-85.86
-86.16
-84.30
-83.70
-88.13
-86.99
-98.80
-94.80
-100.88
-97.04
-94.00
-90.97
-85.58
-87.45
-85.08
-81.00
-81.76
-84.51
-84.36
-82.72
-84.43
-87.73
-92.66
-91.62
-90.16
-89.68
-96.94
-96.08
-95.22
-93.11
-94.99
-92.59
-105.97
-120.64
-124.73
-128.62
-156.00
-162.99
-250.00
-250.00
-250.00
-250.00
-250.00
-250.00
-250.00
-250.00
-250.00
-250.00
-250.00
-250.00
-250.00
-250.00
-250.00
-250.00
-250.00
-250.00
-250.00
-250.00
-250.00
-250.00
-250.00
-250.00
-250.00
-250.00
-250.00
-250.00
-250.00
-250.00
-250.00
-250.00
-250.00
-250.00
-80.92
-71.73
-70.92
-72.18
-72.19
-76.49
-77.62
-79.68
-79.11
-82.47
-79.56
-79.54
-78.12
-77.68
-75.82
-77.49
-89.23
-85.22
-81.21
-79.81
-75.15
-74.00
-75.50
-78.57
-83.21
-82.70
-77.84
-81.13
-78.90
-79.85
-80.80
-79.71
-78.62
-79.80
-80.20
-81.16
-80.46
-79.67
-80.67
-80.57
-88.48
-87.26
-87.22
-87.92
-88.62
-92.23
-92.53
-101.68
-100.19
-92.70
-96.31
-90.66
-84.79
-83.95
-84.01
-81.80
-81.79
-84.20
-85.58
-83.39
-83.74
-89.35
-95.48
-92.00
-89.49
-92.16
-94.69
-95.34
-95.99
-96.20
-95.43
-104.17
-116.78
-130.00
-127.12
-125.67
-143.03
-218.94
-250.00
-250.00
-250.00
-250.00
-250.00
-250.00
-250.00
-250.00
-250.00
-250.00
-250.00
-250.00
-250.00
-250.00
-250.00
-250.00
-250.00
-250.00
-250.00
-250.00
-250.00
-250.00
-250.00
-250.00
-250.00
-250.00
-250.00
-250.00
-250.00
-250.00
-250.00
-250.00
-250.00
-250.00
-250.00
-250.00
-71.47
-70.66
-71.83
-71.94
-75.40
-77.26
-80.01
-78.73
-82.32
-79.75
-79.30
-77.84
-75.28
-75.39
-81.23
-84.28
-87.34
-78.25
-77.97
-74.41
-76.41
-77.15
-77.71
-81.68
-78.44
-78.37
-83.26
-80.61
-85.32
-85.76
-78.50
-77.90
-80.71
-81.44
-80.03
-78.82
-79.55
-81.37
-84.29
-85.72
-87.14
-85.75
-85.94
-100.93
-97.61
-93.78
-94.66
-95.54
-89.27
-89.91
-84.16
-83.12
-83.28
-82.01
-82.15
-83.56
-84.54
-83.99
-85.67
-87.45
-95.93
-94.75
-90.24
-89.92
-103.81
-99.94
-98.36
-98.81
-105.49
-107.43
-118.12
-124.22
-125.97
-127.73
-137.17
-250.00
-250.00
-250.00
-250.00
-250.00
-250.00
-250.00
-250.00
-250.00
-250.00
-250.00
-250.00
-250.00
-250.00
-250.00
-250.00
-250.00
-250.00
-250.00
-250.00
-250.00
-250.00
-250.00
-250.00
-250.00
-250.00
-250.00
-250.00
-250.00
-250.00
-250.00
-250.00
-250.00
-250.00
-250.00
-250.00
-250.00
-250.00
-73.25
-70.54
-71.54
-71.69
-75.03
-76.90
-77.55
-78.20
-78.11
-78.92
-76.21
-75.79
-76.21
-76.20
-87.02
-86.37
-81.36
-76.51
-75.18
-74.83
-78.41
-75.11
-81.90
-77.18
-78.58
-80.02
-81.94
-86.51
-76.17
-76.82
-78.90
-78.32
-82.64
-78.91
-78.96
-78.88
-81.89
-84.07
-85.78
-87.48
-89.71
-86.67
-93.10
-92.86
-92.62
-92.43
-90.10
-87.78
-86.91
-83.43
-82.88
-84.91
-82.60
-80.79
-83.72
-88.45
-85.98
-86.18
-88.41
-93.53
-92.01
-90.65
-93.00
-97.49
-98.43
-101.69
-102.32
-102.96
-117.64
-129.61
-127.46
-127.78
-127.43
-250.00
-250.00
-250.00
-250.00
-250.00
-149.23
-199.62
-250.00
-250.00
-250.00
-250.00
-250.00
-250.00
-250.00
-250.00
-250.00
-250.00
-250.00
-250.00
-250.00
-250.00
-250.00
-250.00
-250.00
-250.00
-250.00
-250.00
-250.00
-250.00
-250.00
-250.00
-250.00
-250.00
-250.00
-250.00
-250.00
-250.00
-250.00
-250.00
-250.00
-73.57
-70.91
-70.13
-71.45
-74.63
-76.49
-77.51
-78.52
-77.98
-79.50
-75.96
-75.61
-75.56
-79.58
-86.24
-81.59
-77.03
-74.12
-75.70
-78.47
-75.88
-78.87
-80.32
-76.84
-80.51
-78.28
-79.21
-80.15
-78.63
-77.10
-79.06
-79.36
-80.18
-77.07
-81.02
-81.09
-88.68
-91.05
-90.52
-85.98
-87.72
-89.46
-96.70
-99.77
-96.90
-94.02
-86.98
-84.66
-85.55
-81.43
-83.15
-84.13
-80.92
-83.17
-89.31
-89.32
-85.10
-88.48
-97.68
-94.98
-90.29
-96.61
-94.16
-96.78
-105.20
-100.41
-106.99
-123.43
-122.18
-128.13
-127.45
-157.03
-250.00
-250.00
-250.00
-250.00
-250.00
-250.00
-148.72
-199.36
-250.00
-250.00
-250.00
-250.00
-250.00
-250.00
-250.00
-250.00
-250.00
-250.00
-250.00
-250.00
-250.00
-250.00
-250.00
-250.00
-250.00
-250.00
-250.00
-250.00
-250.00
-250.00
-250.00
-250.00
-250.00
-250.00
-250.00
-250.00
-250.00
-250.00
-250.00
-250.00
-250.00
-79.73
-70.63
-69.84
-71.11
-73.04
-76.13
-77.30
-78.48
-77.49
-79.26
-75.83
-73.63
-77.78
-82.95
-79.80
-79.05
-75.74
-74.79
-77.52
-77.95
-73.59
-76.98
-77.69
-77.93
-83.23
-78.69
-82.18
-80.37
-78.55
-76.66
-79.56
-78.06
-79.36
-79.06
-83.47
-84.80
-98.16
-94.00
-93.41
-92.82
-91.00
-89.19
-93.25
-89.38
-86.22
-87.06
-84.56
-86.18
-81.71
-80.90
-84.05
-83.88
-82.47
-86.62
-91.48
-87.69
-86.23
-94.57
-97.54
-97.70
-92.72
-102.11
-100.06
-106.75
-110.78
-123.60
-124.67
-129.11
-126.64
-127.40
-250.00
-250.00
-250.00
-250.00
-250.00
-250.00
-250.00
-250.00
-148.18
-199.09
-250.00
-250.00
-250.00
-250.00
-250.00
-250.00
-250.00
-250.00
-250.00
-250.00
-250.00
-250.00
-250.00
-250.00
-250.00
-250.00
-250.00
-250.00
-250.00
-250.00
-250.00
-250.00
-250.00
-250.00
-250.00
-250.00
-250.00
-250.00
-250.00
-250.00
-250.00
-250.00
-250.00
-94.22
-70.34
-69.56
-70.82
-72.66
-75.72
-77.09
-78.46
-77.44
-79.19
-76.73
-73.60
-82.58
-79.24
-76.83
-78.21
-73.75
-77.32
-75.60
-73.83
-77.03
-76.39
-80.50
-80.58
-78.65
-84.24
-80.81
-77.39
-76.43
-76.64
-78.96
-78.06
-80.91
-81.37
-88.28
-88.16
-92.55
-90.36
-89.03
-91.42
-92.43
-94.30
-96.18
-86.53
-87.42
-82.88
-84.10
-83.56
-81.19
-83.91
-85.18
-83.68
-84.78
-90.63
-87.93
-88.29
-93.22
-102.98
-99.29
-95.63
-98.94
-102.24
-103.84
-119.95
-124.33
-129.25
-126.19
-128.80
-165.08
-250.00
-250.00
-250.00
-250.00
-250.00
-250.00
-250.00
-250.00
-250.00
-147.62
-198.81
-250.00
-250.00
-250.00
-250.00
-250.00
-250.00
-250.00
-250.00
-250.00
-250.00
-250.00
-173.52
-166.80
-163.11
-160.55
-158.60
-157.02
-155.69
-154.55
-250.00
-250.00
-250.00
-250.00
-250.00
-250.00
-250.00
-250.00
-250.00
-250.00
-250.00
-250.00
-250.00
-250.00
-250.00
-71.79
-70.01
-70.48
-72.11
-75.32
-76.89
-78.47
-77.38
-78.49
-74.86
-76.74
-76.16
-75.59
-75.86
-76.38
-76.20
-75.53
-74.86
-73.81
-75.82
-79.81
-82.37
-84.11
-85.84
-78.48
-78.65
-74.88
-77.10
-76.51
-79.31
-80.26
-82.72
-85.50
-92.88
-94.36
-97.88
-101.39
-89.37
-87.33
-86.57
-88.69
-87.44
-84.60
-83.94
-81.02
-86.36
-82.46
-81.85
-85.46
-84.90
-84.73
-89.55
-88.02
-89.91
-92.84
-96.84
-96.35
-100.31
-97.65
-105.49
-106.02
-122.07
-124.14
-126.96
-128.88
-126.98
-217.57
-250.00
-250.00
-250.00
-250.00
-250.00
-250.00
-250.00
-250.00
-250.00
-250.00
-147.05
-198.52
-250.00
-250.00
-250.00
-250.00
-250.00
-250.00
-250.00
-250.00
-250.00
-250.00
-250.00
-172.92
-166.21
-162.52
-159.96
-158.01
-156.44
-155.11
-153.97
-250.00
-250.00
-250.00
-250.00
-250.00
-250.00
-250.00
-250.00
-250.00
-250.00
-250.00
-250.00
-250.00
-250.00
-250.00
-72.34
-69.69
-68.94
-71.75
-74.87
-76.74
-78.61
-77.30
-75.75
-73.25
-80.17
-75.91
-74.35
-77.30
-76.69
-80.71
-72.05
-73.95
-78.41
-79.87
-79.76
-79.69
-78.24
-84.49
-88.72
-76.14
-75.07
-76.99
-77.49
-80.27
-83.09
-87.00
-85.37
-90.20
-89.29
-90.97
-90.66
-84.49
-89.22
-84.58
-88.58
-83.38
-84.63
-81.73
-83.16
-84.59
-81.70
-84.32
-85.37
-85.00
-89.37
-93.08
-90.21
-92.59
-94.00
-98.65
-100.89
-103.13
-104.75
-118.89
-116.68
-122.60
-126.88
-127.34
-164.58
-250.00
-250.00
-250.00
-250.00
-250.00
-250.00
-250.00
-250.00
-250.00
-250.00
-250.00
-250.00
-146.45
-198.22
-250.00
-250.00
-250.00
-250.00
-250.00
-250.00
-250.00
-250.00
-250.00
-250.00
-250.00
-172.29
-165.59
-161.90
-159.35
-157.40
-155.83
-154.51
-153.37
-250.00
-250.00
-250.00
-250.00
-250.00
-250.00
-250.00
-250.00
-250.00
-250.00
-250.00
-250.00
-250.00
-250.00
-250.00
-78.35
-69.37
-68.64
-71.36
-74.40
-76.46
-78.51
-77.74
-75.60
-76.30
-75.03
-73.23
-75.26
-78.97
-81.91
-77.76
-74.59
-75.98
-76.61
-77.75
-78.23
-78.26
-80.68
-83.23
-75.26
-76.25
-74.59
-78.58
-79.69
-85.49
-86.22
-86.55
-88.95
-89.63
-90.31
-84.78
-86.91
-83.91
-86.94
-83.73
-86.15
-83.79
-84.25
-81.12
-84.52
-82.44
-82.68
-86.03
-84.30
-91.09
-91.39
-91.69
-91.63
-96.89
-101.82
-103.34
-110.00
-111.16
-112.31
-124.55
-126.65
-128.71
-142.03
-250.00
-250.00
-250.00
-250.00
-250.00
-250.00
-250.00
-250.00
-250.00
-250.00
-250.00
-250.00
-250.00
-250.00
-145.82
-197.91
-250.00
-250.00
-250.00
-250.00
-250.00
-250.00
-250.00
-250.00
-250.00
-250.00
-250.00
-171.63
-164.94
-161.26
-158.71
-156.77
-155.19
-153.87
-250.00
-250.00
-250.00
-250.00
-250.00
-250.00
-250.00
-250.00
-250.00
-250.00
-250.00
-250.00
-250.00
-250.00
-250.00
-250.00
-80.44
-69.05
-69.58
-70.98
-73.11
-75.71
-78.31
-78.14
-74.68
-75.11
-72.57
-74.58
-82.23
-81.85
-78.04
-71.67
-74.87
-77.37
-75.45
-75.24
-73.48
-88.04
-83.38
-74.59
-74.71
-75.36
-75.77
-82.35
-85.80
-90.40
-94.44
-98.47
-93.79
-89.82
-85.71
-83.44
-83.85
-85.11
-84.72
-87.13
-82.53
-84.09
-81.66
-81.80
-84.61
-82.38
-86.88
-86.75
-88.75
-93.13
-91.83
-90.53
-97.25
-103.97
-101.92
-118.47
-117.05
-120.52
-122.58
-124.45
-124.62
-216.39
-250.00
-250.00
-250.00
-250.00
-250.00
-250.00
-250.00
-250.00
-250.00
-250.00
-250.00
-250.00
-250.00
-250.00
-250.00
-145.16
-197.58
-250.00
-250.00
-250.00
-250.00
-250.00
-250.00
-250.00
-250.00
-250.00
-250.00
-250.00
-170.95
-164.26
-160.59
-158.04
-156.10
-154.53
-153.22
-250.00
-250.00
-250.00
-250.00
-250.00
-250.00
-250.00
-250.00
-250.00
-250.00
-250.00
-250.00
-250.00
-250.00
-250.00
-250.00
-250.00
-68.92
-68.70
-70.59
-71.93
-73.26
-74.59
-76.87
-78.38
-72.13
-77.03
-77.90
-78.78
-76.50
-72.35
-72.57
-72.78
-74.50
-74.97
-81.36
-83.02
-75.53
-73.46
-74.92
-74.70
-76.58
-79.13
-81.31
-83.48
-84.29
-97.41
-96.34
-90.41
-84.97
-81.93
-83.66
-83.38
-83.31
-83.23
-85.48
-81.23
-83.46
-81.12
-84.32
-83.27
-86.18
-87.22
-88.25
-91.03
-94.10
-98.55
-102.11
-101.60
-107.79
-109.44
-117.77
-120.52
-124.96
-125.76
-126.16
-216.20
-250.00
-250.00
-250.00
-250.00
-250.00
-250.00
-250.00
-250.00
-250.00
-250.00
-250.00
-250.00
-250.00
-250.00
-250.00
-250.00
-144.48
-197.24
-250.00
-250.00
-250.00
-250.00
-250.00
-250.00
-250.00
-250.00
-250.00
-250.00
-250.00
-170.23
-163.55
-159.88
-157.34
-155.41
-153.84
-152.53
-250.00
-250.00
-250.00
-250.00
-250.00
-250.00
-250.00
-250.00
-250.00
-250.00
-250.00
-250.00
-250.00
-250.00
-250.00
-250.00
-250.00
-70.92
-68.32
-70.27
-71.20
-75.30
-79.40
-82.04
-72.42
-76.32
-79.18
-82.04
-76.00
-78.79
-73.19
-71.77
-74.10
-74.70
-77.35
-80.76
-79.01
-74.91
-72.40
-75.23
-75.88
-80.29
-85.43
-89.01
-89.99
-90.98
-89.83
-88.68
-83.76
-83.43
-81.47
-87.28
-83.76
-85.37
-82.62
-81.81
-81.18
-82.87
-82.96
-87.75
-85.56
-90.02
-92.05
-93.18
-106.44
-106.72
-112.81
-118.15
-117.18
-117.12
-117.09
-126.88
-124.38
-125.13
-158.17
-250.00
-250.00
-250.00
-250.00
-250.00
-250.00
-250.00
-250.00
-250.00
-250.00
-250.00
-250.00
-250.00
-250.00
-250.00
-250.00
-250.00
-250.00
-143.76
-196.88
-250.00
-250.00
-250.00
-250.00
-250.00
-250.00
-250.00
-250.00
-250.00
-250.00
-250.00
-169.47
-162.80
-159.14
-156.61
-154.68
-153.11
-250.00
-250.00
-250.00
-250.00
-250.00
-250.00
-250.00
-250.00
-250.00
-250.00
-250.00
-250.00
-250.00
-250.00
-250.00
-250.00
-250.00
-250.00
-71.98
-67.95
-70.07
-72.76
-74.23
-75.71
-71.08
-73.93
-79.00
-83.47
-75.11
-76.06
-71.33
-72.29
-73.25
-75.91
-76.34
-71.92
-79.58
-75.70
-70.61
-74.83
-76.87
-79.26
-83.22
-82.50
-82.53
-88.48
-88.45
-85.76
-83.07
-80.72
-83.86
-82.25
-86.24
-84.05
-81.40
-82.62
-80.90
-84.96
-82.83
-87.40
-88.94
-86.94
-101.09
-106.94
-112.51
-117.70
-122.88
-127.68
-130.27
-129.14
-128.02
-126.05
-125.42
-126.23
-215.41
-250.00
-250.00
-250.00
-250.00
-250.00
-250.00
-250.00
-250.00
-250.00
-250.00
-250.00
-250.00
-250.00
-250.00
-250.00
-250.00
-250.00
-250.00
-250.00
-143.01
-196.50
-250.00
-250.00
-250.00
-250.00
-250.00
-250.00
-250.00
-250.00
-250.00
-250.00
-250.00
-250.00
-250.00
-250.00
-250.00
-250.00
-250.00
-250.00
-250.00
-250.00
-250.00
-250.00
-250.00
-250.00
-250.00
-250.00
-250.00
-250.00
-250.00
-250.00
-250.00
-250.00
-250.00
-250.00
-250.00
-78.96
-67.57
-70.65
-71.29
-73.28
-75.26
-74.38
-72.58
-80.12
-79.37
-80.91
-79.50
-70.21
-73.40
-74.61
-77.49
-78.27
-84.14
-79.95
-69.89
-73.28
-77.79
-80.36
-80.30
-79.66
-79.64
-85.79
-86.65
-84.15
-83.58
-81.66
-80.23
-85.02
-83.72
-82.22
-83.61
-79.54
-85.10
-81.62
-88.67
-84.43
-92.22
-89.26
-97.92
-114.74
-118.94
-123.14
-123.40
-130.73
-164.60
-163.24
-163.15
-163.05
-206.53
-250.00
-250.00
-250.00
-250.00
-250.00
-250.00
-250.00
-250.00
-250.00
-250.00
-250.00
-250.00
-250.00
-250.00
-250.00
-250.00
-250.00
-250.00
-250.00
-250.00
-250.00
-250.00
-142.21
-196.11
-250.00
-250.00
-250.00
-250.00
-250.00
-250.00
-250.00
-250.00
-250.00
-250.00
-250.00
-250.00
-250.00
-250.00
-250.00
-250.00
-250.00
-250.00
-250.00
-250.00
-250.00
-250.00
-250.00
-250.00
-250.00
-250.00
-250.00
-250.00
-250.00
-250.00
-250.00
-250.00
-250.00
-250.00
-250.00
-250.00
-67.34
-70.33
-70.40
-72.59
-74.78
-72.67
-75.95
-79.86
-77.36
-80.24
-80.95
-81.67
-73.87
-74.77
-73.78
-72.80
-75.93
-69.73
-73.16
-77.47
-81.82
-79.38
-77.22
-79.08
-83.79
-81.39
-86.04
-80.66
-79.04
-81.30
-80.64
-84.82
-84.10
-79.82
-85.24
-81.50
-85.81
-83.15
-88.47
-91.53
-95.70
-99.88
-101.37
-125.26
-130.69
-160.47
-163.21
-163.07
-162.92
-208.71
-213.59
-250.00
-250.00
-250.00
-250.00
-250.00
-250.00
-250.00
-250.00
-250.00
-250.00
-250.00
-250.00
-250.00
-250.00
-250.00
-250.00
-250.00
-250.00
-250.00
-250.00
-250.00
-250.00
-250.00
-250.00
-141.37
-195.69
-250.00
-250.00
-250.00
-250.00
-250.00
-250.00
-250.00
-250.00
-250.00
-250.00
-250.00
-250.00
-250.00
-250.00
-250.00
-250.00
-250.00
-250.00
-250.00
-250.00
-250.00
-250.00
-250.00
-250.00
-250.00
-250.00
-250.00
-250.00
-250.00
-250.00
-250.00
-250.00
-250.00
-250.00
-250.00
-250.00
-69.26
-66.77
-69.71
-71.80
-73.89
-73.61
-74.91
-87.55
-84.21
-80.87
-77.17
-73.47
-75.54
-73.43
-71.31
-69.56
-75.11
-72.93
-77.46
-79.44
-78.69
-76.25
-77.43
-83.61
-80.76
-82.06
-82.46
-78.14
-77.92
-83.00
-81.69
-82.45
-84.72
-80.32
-85.11
-83.11
-85.42
-97.37
-109.65
-117.98
-118.11
-101.26
-100.80
-159.55
-181.56
-203.56
-204.99
-212.27
-212.79
-250.00
-250.00
-250.00
-250.00
-250.00
-250.00
-250.00
-250.00
-250.00
-250.00
-250.00
-250.00
-250.00
-250.00
-250.00
-250.00
-250.00
-250.00
-250.00
-250.00
-250.00
-250.00
-250.00
-250.00
-250.00
-250.00
-140.48
-195.24
-250.00
-250.00
-250.00
-250.00
-250.00
-250.00
-250.00
-250.00
-250.00
-250.00
-250.00
-250.00
-250.00
-250.00
-250.00
-250.00
-250.00
-250.00
-250.00
-250.00
-250.00
-250.00
-250.00
-250.00
-250.00
-250.00
-250.00
-250.00
-250.00
-250.00
-250.00
-250.00
-250.00
-250.00
-250.00
-250.00
-70.25
-66.33
-69.60
-70.62
-71.65
-71.14
-72.71
-78.07
-73.28
-68.48
-83.13
-79.00
-82.76
-76.80
-73.41
-76.07
-76.48
-76.90
-75.83
-76.79
-76.66
-76.63
-78.41
-80.19
-81.34
-82.85
-80.42
-78.44
-79.11
-85.35
-82.54
-81.30
-85.60
-82.24
-84.29
-86.88
-108.26
-115.40
-124.28
-122.67
-111.71
-100.76
-100.61
-146.05
-179.06
-211.34
-211.90
-250.00
-250.00
-250.00
-250.00
-250.00
-250.00
-250.00
-250.00
-250.00
-250.00
-250.00
-250.00
-250.00
-250.00
-250.00
-250.00
-250.00
-250.00
-250.00
-250.00
-250.00
-250.00
-250.00
-250.00
-250.00
-250.00
-250.00
-250.00
-139.53
-194.76
-250.00
-250.00
-250.00
-250.00
-250.00
-250.00
-250.00
-250.00
-250.00
-250.00
-250.00
-250.00
-250.00
-250.00
-250.00
-250.00
-250.00
-250.00
-250.00
-250.00
-250.00
-250.00
-250.00
-250.00
-250.00
-250.00
-250.00
-250.00
-250.00
-250.00
-250.00
-250.00
-250.00
-250.00
-250.00
-250.00
-75.55
-66.75
-68.84
-68.67
-68.49
-71.04
-80.46
-76.33
-74.96
-75.42
-75.88
-77.98
-80.07
-78.26
-76.45
-76.66
-76.88
-76.92
-74.98
-77.24
-77.04
-86.36
-81.49
-79.83
-81.97
-80.77
-78.36
-80.44
-82.55
-89.64
-86.06
-80.74
-84.49
-81.93
-81.39
-98.32
-93.38
-126.37
-129.93
-133.49
-147.47
-100.43
-100.29
-199.76
-210.92
-250.00
-250.00
-250.00
-250.00
-250.00
-250.00
-250.00
-250.00
-250.00
-250.00
-250.00
-250.00
-250.00
-250.00
-250.00
-250.00
-250.00
-250.00
-250.00
-250.00
-250.00
-250.00
-250.00
-250.00
-250.00
-250.00
-250.00
-250.00
-250.00
-250.00
-138.51
-194.25
-250.00
-250.00
-250.00
-250.00
-250.00
-250.00
-250.00
-250.00
-250.00
-250.00
-250.00
-250.00
-250.00
-250.00
-250.00
-250.00
-250.00
-250.00
-250.00
-250.00
-250.00
-250.00
-250.00
-250.00
-250.00
-250.00
-250.00
-250.00
-250.00
-250.00
-250.00
-250.00
-250.00
-250.00
-250.00
-250.00
-77.82
-69.04
-67.13
-67.82
-68.51
-73.84
-74.92
-73.03
-73.58
-74.12
-72.85
-77.50
-77.32
-77.14
-70.49
-72.67
-75.03
-73.91
-75.16
-78.23
-82.59
-83.40
-78.36
-79.43
-80.09
-78.26
-78.49
-84.30
-85.67
-87.03
-84.72
-80.98
-84.56
-83.91
-83.27
-87.73
-119.69
-134.93
-145.84
-156.74
-200.92
-100.08
-99.93
-203.72
-250.00
-250.00
-250.00
-250.00
-250.00
-250.00
-250.00
-250.00
-250.00
-250.00
-250.00
-250.00
-250.00
-250.00
-250.00
-250.00
-250.00
-250.00
-250.00
-250.00
-250.00
-250.00
-250.00
-250.00
-250.00
-250.00
-250.00
-250.00
-250.00
-250.00
-250.00
-137.41
-193.71
-250.00
-250.00
-250.00
-250.00
-250.00
-250.00
-250.00
-250.00
-250.00
-250.00
-250.00
-250.00
-250.00
-250.00
-250.00
-250.00
-250.00
-250.00
-250.00
-250.00
-250.00
-250.00
-250.00
-250.00
-250.00
-250.00
-250.00
-250.00
-250.00
-250.00
-250.00
-250.00
-250.00
-250.00
-250.00
-250.00
-74.50
-68.48
-70.60
-70.55
-70.50
-69.20
-76.01
-74.45
-77.20
-77.93
-78.67
-74.70
-69.08
-71.95
-74.77
-73.83
-75.12
-74.00
-75.72
-79.87
-80.89
-77.63
-77.42
-80.42
-78.59
-78.96
-86.43
-89.70
-86.60
-81.96
-84.35
-83.04
-87.31
-87.45
-87.60
-89.10
-134.13
-149.36
-207.06
-207.82
-219.36
-99.69
-99.55
-250.00
-250.00
-250.00
-250.00
-250.00
-250.00
-250.00
-250.00
-250.00
-250.00
-250.00
-250.00
-250.00
-250.00
-250.00
-250.00
-250.00
-250.00
-250.00
-250.00
-250.00
-250.00
-250.00
-250.00
-250.00
-250.00
-250.00
-250.00
-250.00
-250.00
-250.00
-250.00
-136.22
-193.11
-250.00
-250.00
-250.00
-250.00
-250.00
-250.00
-250.00
-250.00
-250.00
-250.00
-250.00
-250.00
-250.00
-250.00
-250.00
-250.00
-250.00
-250.00
-250.00
-250.00
-250.00
-250.00
-250.00
-250.00
-250.00
-250.00
-250.00
-250.00
-250.00
-250.00
-250.00
-250.00
-250.00
-250.00
-250.00
-250.00
-79.35
-78.73
-78.11
-54.95
-65.92
-73.43
-70.34
-67.24
-76.25
-78.82
-77.89
-72.88
-77.69
-74.32
-73.31
-72.06
-73.11
-73.82
-79.79
-77.24
-79.33
-77.21
-81.16
-81.17
-81.71
-83.66
-88.03
-83.69
-81.37
-80.63
-86.16
-91.91
-93.40
-90.88
-88.28
-89.36
-90.54
-117.90
-207.11
-250.00
-250.00
-99.30
-99.15
-250.00
-250.00
-250.00
-250.00
-250.00
-250.00
-250.00
-250.00
-250.00
-250.00
-250.00
-250.00
-250.00
-250.00
-250.00
-250.00
-250.00
-250.00
-250.00
-250.00
-250.00
-250.00
-250.00
-250.00
-250.00
-250.00
-250.00
-250.00
-250.00
-250.00
-250.00
-250.00
-134.92
-192.46
-250.00
-250.00
-250.00
-250.00
-250.00
-250.00
-250.00
-250.00
-250.00
-250.00
-250.00
-250.00
-250.00
-250.00
-250.00
-250.00
-250.00
-250.00
-250.00
-250.00
-250.00
-250.00
-250.00
-250.00
-250.00
-250.00
-250.00
-250.00
-250.00
-250.00
-250.00
-250.00
-250.00
-250.00
-250.00
-250.00
-83.09
-74.65
-68.07
-67.27
-66.46
-67.50
-73.09
-72.81
-72.54
-73.19
-72.35
-71.50
-78.25
-74.80
-73.69
-78.12
-77.68
-79.08
-78.58
-83.28
-80.72
-82.42
-87.36
-82.15
-79.58
-82.79
-83.17
-80.56
-80.78
-85.44
-92.95
-97.38
-95.78
-87.35
-87.48
-88.27
-84.93
-117.86
-250.00
-250.00
-250.00
-174.36
-98.72
-168.86
-250.00
-250.00
-250.00
-250.00
-250.00
-250.00
-250.00
-250.00
-250.00
-250.00
-250.00
-250.00
-250.00
-250.00
-250.00
-250.00
-250.00
-250.00
-250.00
-250.00
-250.00
-250.00
-250.00
-250.00
-250.00
-250.00
-250.00
-250.00
-250.00
-250.00
-250.00
-133.49
-191.75
-250.00
-250.00
-250.00
-250.00
-250.00
-250.00
-250.00
-250.00
-250.00
-250.00
-250.00
-250.00
-250.00
-250.00
-250.00
-250.00
-250.00
-250.00
-250.00
-250.00
-250.00
-250.00
-250.00
-250.00
-250.00
-250.00
-250.00
-250.00
-250.00
-250.00
-250.00
-250.00
-250.00
-250.00
-250.00
-250.00
-82.19
-72.39
-66.16
-66.44
-66.71
-69.92
-73.12
-71.18
-72.25
-78.30
-74.47
-71.69
-71.37
-73.38
-81.77
-81.11
-81.35
-82.25
-83.14
-83.16
-78.29
-79.04
-79.42
-77.16
-80.94
-81.70
-80.61
-83.08
-90.02
-93.95
-88.84
-89.39
-91.60
-89.38
-86.96
-85.88
-84.81
-99.60
-250.00
-250.00
-250.00
-174.13
-98.25
-98.04
-250.00
-250.00
-250.00
-250.00
-250.00
-250.00
-250.00
-250.00
-250.00
-250.00
-250.00
-250.00
-250.00
-250.00
-250.00
-250.00
-250.00
-250.00
-250.00
-250.00
-250.00
-250.00
-250.00
-250.00
-250.00
-250.00
-250.00
-250.00
-250.00
-250.00
-250.00
-131.90
-190.95
-250.00
-250.00
-250.00
-250.00
-250.00
-250.00
-250.00
-250.00
-250.00
-250.00
-250.00
-250.00
-250.00
-250.00
-250.00
-250.00
-250.00
-250.00
-250.00
-250.00
-250.00
-250.00
-250.00
-250.00
-250.00
-250.00
-250.00
-250.00
-250.00
-250.00
-250.00
-250.00
-250.00
-250.00
-250.00
-250.00
-250.00
-84.38
-69.34
-74.39
-79.44
-75.50
-72.02
-73.11
-74.93
-76.75
-69.43
-72.06
-76.67
-89.70
-90.81
-84.75
-77.70
-79.10
-75.10
-76.38
-75.93
-79.63
-77.27
-82.93
-82.36
-81.10
-87.89
-87.41
-86.94
-89.16
-89.43
-88.67
-87.91
-91.78
-95.64
-95.06
-88.82
-90.60
-250.00
-250.00
-250.00
-173.87
-97.74
-97.19
-250.00
-250.00
-250.00
-250.00
-250.00
-250.00
-250.00
-250.00
-250.00
-250.00
-250.00
-250.00
-250.00
-250.00
-250.00
-250.00
-250.00
-250.00
-250.00
-250.00
-250.00
-250.00
-250.00
-250.00
-250.00
-250.00
-250.00
-250.00
-250.00
-250.00
-250.00
-130.09
-190.05
-250.00
-250.00
-250.00
-250.00
-250.00
-250.00
-250.00
-250.00
-250.00
-250.00
-250.00
-250.00
-250.00
-250.00
-250.00
-250.00
-250.00
-250.00
-250.00
-250.00
-250.00
-250.00
-250.00
-250.00
-250.00
-250.00
-250.00
-250.00
-250.00
-250.00
-250.00
-250.00
-250.00
-250.00
-250.00
-250.00
-250.00
-96.34
-79.31
-58.16
-68.39
-68.97
-77.32
-78.06
-77.18
-71.63
-72.81
-74.97
-79.23
-80.47
-77.42
-75.41
-75.21
-74.63
-78.10
-78.31
-84.27
-80.88
-90.23
-86.70
-87.90
-87.83
-87.77
-86.54
-85.52
-86.95
-86.65
-103.91
-105.26
-102.34
-94.86
-93.07
-92.76
-93.77
-250.00
-250.00
-250.00
-173.59
-97.19
-96.61
-250.00
-250.00
-250.00
-250.00
-250.00
-250.00
-250.00
-250.00
-250.00
-250.00
-250.00
-250.00
-250.00
-250.00
-250.00
-250.00
-250.00
-250.00
-250.00
-250.00
-250.00
-250.00
-250.00
-250.00
-250.00
-250.00
-250.00
-250.00
-250.00
-250.00
-250.00
-127.75
-188.87
-250.00
-250.00
-250.00
-250.00
-250.00
-250.00
-250.00
-250.00
-250.00
-250.00
-250.00
-250.00
-250.00
-250.00
-250.00
-250.00
-250.00
-250.00
-250.00
-250.00
-250.00
-250.00
-250.00
-250.00
-250.00
-250.00
-250.00
-250.00
-250.00
-250.00
-250.00
-250.00
-250.00
-250.00
-250.00
-250.00
-250.00
-233.62
-217.24
-143.65
-70.05
-69.54
-70.49
-73.08
-75.66
-75.49
-71.18
-73.73
-76.07
-75.25
-75.21
-75.67
-76.27
-78.14
-87.14
-83.05
-85.11
-87.16
-89.76
-91.58
-82.28
-80.15
-84.31
-92.02
-93.00
-93.91
-96.05
-98.19
-84.89
-85.90
-85.27
-84.72
-92.43
-97.62
-146.81
-250.00
-250.00
-91.01
-90.84
-95.98
-250.00
-250.00
-250.00
-250.00
-250.00
-250.00
-250.00
-250.00
-250.00
-250.00
-250.00
-250.00
-250.00
-250.00
-250.00
-250.00
-250.00
-250.00
-250.00
-250.00
-250.00
-250.00
-250.00
-250.00
-250.00
-250.00
-250.00
-250.00
-250.00
-250.00
-250.00
-124.57
-187.28
-250.00
-250.00
-250.00
-250.00
-250.00
-250.00
-250.00
-250.00
-250.00
-250.00
-250.00
-250.00
-250.00
-250.00
-250.00
-250.00
-250.00
-250.00
-250.00
-250.00
-250.00
-250.00
-250.00
-250.00
-250.00
-250.00
-250.00
-250.00
-250.00
-250.00
-250.00
-250.00
-250.00
-250.00
-250.00
-250.00
-250.00
-250.00
-250.00
-161.78
-73.56
-75.60
-72.24
-75.77
-71.31
-70.75
-73.19
-76.78
-77.85
-77.30
-78.13
-82.08
-82.04
-83.71
-88.13
-86.48
-90.12
-94.23
-98.34
-93.18
-88.02
-91.42
-90.17
-96.07
-96.14
-84.52
-84.52
-83.75
-85.53
-87.31
-90.74
-88.45
-91.28
-91.28
-132.11
-250.00
-250.00
-90.34
-89.98
-95.28
-250.00
-250.00
-250.00
-250.00
-250.00
-250.00
-250.00
-250.00
-250.00
-250.00
-250.00
-250.00
-250.00
-250.00
-250.00
-250.00
-250.00
-250.00
-250.00
-250.00
-250.00
-250.00
-250.00
-250.00
-250.00
-250.00
-250.00
-250.00
-250.00
-250.00
-250.00
-120.94
-185.47
-250.00
-250.00
-250.00
-250.00
-250.00
-250.00
-250.00
-250.00
-250.00
-250.00
-250.00
-250.00
-250.00
-250.00
-250.00
-250.00
-250.00
-250.00
-250.00
-250.00
-250.00
-250.00
-250.00
-250.00
-250.00
-250.00
-250.00
-250.00
-250.00
-250.00
-250.00
-250.00
-250.00
-250.00
-250.00
-250.00
-250.00
-187.02
-124.04
-54.85
-69.60
-70.09
-70.59
-70.09
-69.59
-69.77
-71.20
-75.24
-74.49
-75.04
-77.67
-78.37
-79.80
-81.50
-83.20
-83.46
-83.72
-89.89
-85.55
-90.06
-86.37
-85.75
-86.95
-87.25
-84.77
-87.21
-87.37
-88.34
-86.95
-89.84
-87.30
-83.87
-84.44
-84.58
-100.83
-134.56
-112.13
-87.42
-89.12
-94.56
-250.00
-250.00
-250.00
-250.00
-250.00
-250.00
-250.00
-250.00
-250.00
-250.00
-250.00
-250.00
-250.00
-250.00
-250.00
-250.00
-250.00
-250.00
-250.00
-250.00
-250.00
-250.00
-250.00
-250.00
-250.00
-250.00
-250.00
-250.00
-250.00
-250.00
-250.00
-116.28
-183.14
-250.00
-250.00
-250.00
-250.00
-250.00
-250.00
-250.00
-250.00
-250.00
-250.00
-250.00
-250.00
-250.00
-250.00
-250.00
-250.00
-250.00
-250.00
-250.00
-250.00
-250.00
-250.00
-250.00
-250.00
-250.00
-250.00
-250.00
-250.00
-250.00
-250.00
-250.00
-250.00
-250.00
-250.00
-250.00
-250.00
-250.00
-250.00
-119.61
-50.85
-67.79
-68.42
-69.05
-72.76
-72.70
-72.65
-75.54
-74.67
-78.29
-79.73
-85.29
-87.82
-88.55
-85.79
-81.15
-83.20
-86.65
-86.25
-88.31
-90.38
-86.86
-86.08
-93.38
-90.62
-89.16
-89.53
-81.31
-81.15
-82.81
-83.55
-83.56
-84.24
-84.54
-84.58
-104.46
-105.51
-106.55
-88.97
-85.90
-87.90
-250.00
-250.00
-250.00
-250.00
-250.00
-250.00
-250.00
-250.00
-250.00
-250.00
-250.00
-250.00
-250.00
-250.00
-250.00
-250.00
-250.00
-250.00
-250.00
-250.00
-250.00
-250.00
-250.00
-250.00
-250.00
-250.00
-250.00
-250.00
-250.00
-250.00
-250.00
-250.00
-250.00
-250.00
-250.00
-250.00
-250.00
-250.00
-250.00
-250.00
-250.00
-250.00
-250.00
-250.00
-250.00
-250.00
-250.00
-250.00
-250.00
-250.00
-250.00
-250.00
-250.00
-250.00
-250.00
-250.00
-250.00
-250.00
-250.00
-250.00
-250.00
-250.00
-250.00
-250.00
-250.00
-250.00
-250.00
-250.00
-250.00
-250.00
-127.63
-75.56
-73.48
-71.41
-74.86
-70.07
-68.65
-70.81
-62.96
-55.12
-80.83
-85.09
-87.65
-88.00
-88.34
-87.06
-85.77
-83.46
-84.66
-85.87
-89.00
-92.12
-87.60
-87.63
-82.69
-82.07
-83.12
-80.87
-82.67
-83.37
-83.67
-83.99
-81.91
-87.61
-85.34
-90.91
-93.44
-91.43
-117.76
-250.00
-93.45
-87.19
-86.62
-87.22
-86.38
-85.55
-89.31
-105.24
-250.00
-250.00
-250.00
-250.00
-250.00
-250.00
-250.00
-250.00
-250.00
-250.00
-250.00
-250.00
-250.00
-250.00
-250.00
-250.00
-250.00
-250.00
-250.00
-250.00
-250.00
-250.00
-250.00
-81.86
-84.64
-82.15
-82.23
-82.35
-82.46
-82.58
-82.70
-82.81
-84.31
-84.65
-83.25
-81.97
-82.07
-82.79
-84.51
-83.29
-250.00
-250.00
-250.00
-250.00
-250.00
-250.00
-250.00
-250.00
-250.00
-250.00
-250.00
-250.00
-250.00
-250.00
-250.00
-250.00
-250.00
-250.00
-250.00
-250.00
-250.00
-250.00
-250.00
-85.07
-83.92
-84.44
-61.77
-39.10
-45.26
-51.16
-52.52
-52.22
-53.89
-53.07
-52.99
-53.32
-54.55
-57.97
-59.10
-62.25
-62.28
-61.92
-61.19
-61.47
-62.69
-62.46
-63.71
-64.70
-62.57
-62.38
-62.41
-62.52
-61.36
-61.55
-62.04
-62.26
-63.90
-64.23
-64.54
-64.84
-65.04
-63.82
-62.26
-75.40
-76.42
-77.52
-78.59
-74.30
-77.74
-74.25
-76.62
-77.95
-78.15
-78.34
-78.53
-78.71
-78.89
-79.06
-79.23
-79.40
-79.57
-79.73
-79.89
-80.04
-80.20
-80.35
-80.50
-80.64
-80.79
-80.93
-81.07
-81.20
-81.34
-81.47
-81.60
-81.73
-81.86
-81.98
-82.10
-82.22
-82.34
-82.46
-82.58
-82.69
-82.81
-82.92
-83.03
-85.52
-84.43
-82.59
-82.31
-81.49
-83.50
-250.00
-250.00
-250.00
-250.00
-250.00
-250.00
-250.00
-250.00
-250.00
-250.00
-250.00
-250.00
-250.00
-250.00
-250.00
-250.00
-250.00
-250.00
-250.00
-250.00
-250.00
-250.00
-250.00
-82.56
-250.00
-250.00
-250.00
-148.91
-47.81
-46.74
-50.94
-47.02
-49.38
-50.81
-52.60
-57.61
-57.93
-57.15
-58.18
-58.88
-59.75
-59.58
-60.69
-61.40
-63.45
-64.63
-62.96
-62.90
-63.37
-63.83
-64.24
-63.33
-61.83
-62.13
-62.51
-61.38
-61.73
-62.23
-62.68
-62.99
-64.71
-64.90
-64.40
-76.21
-76.50
-76.67
-76.75
-79.76
-73.09
-77.55
-77.75
-77.95
-78.15
-78.34
-78.53
-78.71
-78.89
-79.06
-79.23
-79.40
-79.57
-79.73
-79.89
-80.04
-80.20
-80.35
-80.50
-80.64
-80.79
-80.93
-81.07
-81.20
-81.34
-81.47
-81.60
-81.73
-81.86
-81.98
-82.10
-82.22
-82.34
-82.46
-82.58
-82.69
-82.81
-82.92
-83.03
-83.14
-83.25
-83.36
-82.58
-83.76
-81.00
-250.00
-250.00
-250.00
-250.00
-250.00
-250.00
-250.00
-250.00
-250.00
-250.00
-250.00
-250.00
-250.00
-250.00
-250.00
-250.00
-250.00
-250.00
-250.00
-250.00
-250.00
-250.00
-250.00
-74.36
-69.80
-159.90
-250.00
-151.47
-52.94
-53.21
-53.49
-57.37
-59.07
-56.21
-58.04
-60.73
-60.73
-61.56
-60.86
-60.87
-61.11
-62.15
-62.65
-63.71
-64.01
-61.90
-61.09
-63.19
-63.46
-63.93
-66.77
-67.06
-67.33
-67.87
-68.03
-68.02
-68.26
-68.51
-68.69
-66.85
-65.05
-65.33
-64.67
-76.02
-76.39
-76.69
-76.91
-77.13
-90.35
-250.00
-250.00
-250.00
-250.00
-250.00
-250.00
-250.00
-250.00
-250.00
-250.00
-250.00
-250.00
-250.00
-250.00
-250.00
-250.00
-250.00
-250.00
-250.00
-250.00
-250.00
-250.00
-250.00
-250.00
-250.00
-250.00
-250.00
-250.00
-250.00
-250.00
-250.00
-250.00
-250.00
-82.58
-82.69
-82.81
-82.92
-83.03
-83.14
-83.25
-83.35
-83.47
-250.00
-250.00
-250.00
-250.00
-250.00
-250.00
-250.00
-250.00
-250.00
-250.00
-250.00
-250.00
-250.00
-250.00
-250.00
-250.00
-250.00
-250.00
-250.00
-250.00
-250.00
-250.00
-250.00
-250.00
-250.00
-250.00
-250.00
-250.00
-250.00
-250.00
-250.00
-63.76
-66.66
-68.65
-70.46
-72.04
-72.47
-68.59
-87.86
-89.11
-79.83
-80.65
-81.35
-86.79
-86.22
-85.64
-85.77
-84.54
-83.31
-82.63
-88.55
-89.06
-89.53
-89.98
-90.38
-85.97
-82.65
-89.79
-88.49
-87.40
-78.28
-77.78
-77.33
-77.48
-250.00
-250.00
-250.00
-250.00
-250.00
-250.00
-250.00
-250.00
-250.00
-250.00
-250.00
-250.00
-250.00
-250.00
-250.00
-250.00
-250.00
-250.00
-250.00
-250.00
-250.00
-250.00
-250.00
-250.00
-250.00
-250.00
-250.00
-250.00
-250.00
-250.00
-250.00
-250.00
-250.00
-250.00
-250.00
-250.00
-250.00
-250.00
-250.00
-250.00
-250.00
-250.00
-250.00
-250.00
-250.00
-250.00
-250.00
-250.00
-250.00
-250.00
-250.00
-250.00
-250.00
-250.00
-250.00
-250.00
-250.00
-250.00
-250.00
-250.00
-250.00
-250.00
-250.00
-250.00
-250.00
-250.00
-250.00
-250.00
-250.00
-250.00
-250.00
-250.00
-250.00
-250.00
-250.00
-250.00
-92.44
-171.22
-250.00
-250.00
-63.67
-66.61
-68.79
-70.53
-70.73
-250.00
-91.25
-88.94
-86.63
-87.53
-80.36
-81.31
-82.15
-82.82
-83.42
-83.95
-84.40
-84.24
-85.15
-80.59
-80.97
-81.32
-81.45
-81.95
-82.26
-88.32
-87.27
-83.08
-83.33
-83.58
-83.83
-84.06
-175.55
-250.00
-250.00
-250.00
-250.00
-250.00
-250.00
-250.00
-250.00
-250.00
-250.00
-250.00
-250.00
-250.00
-250.00
-250.00
-250.00
-250.00
-250.00
-250.00
-250.00
-250.00
-250.00
-250.00
-250.00
-250.00
-250.00
-250.00
-250.00
-250.00
-250.00
-250.00
-250.00
-250.00
-250.00
-250.00
-250.00
-250.00
-250.00
-250.00
-250.00
-250.00
-250.00
-250.00
-250.00
-250.00
-250.00
-250.00
-250.00
-250.00
-250.00
-250.00
-250.00
-250.00
-250.00
-250.00
-250.00
-250.00
-250.00
-250.00
-250.00
-250.00
-250.00
-250.00
-250.00
-250.00
-250.00
-250.00
-250.00
-250.00
-250.00
-250.00
-250.00
-250.00
-250.00
-250.00
-250.00
-91.00
-87.65
-84.76
-250.00
-250.00
-66.59
-68.75
-70.51
-71.96
-73.18
-74.26
-75.15
-250.00
-250.00
-250.00
-250.00
-250.00
-250.00
-250.00
-250.00
-250.00
-250.00
-250.00
-250.00
-250.00
-250.00
-250.00
-250.00
-250.00
-250.00
-250.00
-250.00
-250.00
-250.00
-195.76
-141.51
-250.00
-250.00
-250.00
-250.00
-250.00
-250.00
-250.00
-250.00
-250.00
-250.00
-250.00
-250.00
-250.00
-250.00
-250.00
-250.00
-250.00
-250.00
-250.00
-250.00
-250.00
-250.00
-250.00
-250.00
-250.00
-250.00
-250.00
-250.00
-250.00
-250.00
-250.00
-250.00
-250.00
-250.00
-250.00
-250.00
-250.00
-250.00
-250.00
-250.00
-250.00
-250.00
-250.00
-250.00
-250.00
-250.00
-250.00
-250.00
-250.00
-250.00
-250.00
-250.00
-250.00
-250.00
-250.00
-250.00
-250.00
-250.00
-250.00
-250.00
-250.00
-250.00
-250.00
-250.00
-250.00
-250.00
-250.00
-250.00
-250.00
-250.00
-250.00
-250.00
-250.00
-250.00
-250.00
-250.00
-250.00
-250.00
-250.00
-250.00
-250.00
-250.00
-250.00
-68.77
-70.47
-71.91
-73.17
-74.24
-75.20
-250.00
-250.00
-250.00
-250.00
-250.00
-250.00
-250.00
-250.00
-250.00
-250.00
-250.00
-250.00
-250.00
-250.00
-250.00
-250.00
-250.00
-250.00
-250.00
-250.00
-250.00
-250.00
-250.00
-250.00
-250.00
-250.00
-250.00
-250.00
-250.00
-250.00
-250.00
-250.00
-250.00
-250.00
-250.00
-250.00
-250.00
-250.00
-250.00
-250.00
-250.00
-250.00
-250.00
-250.00
-250.00
-250.00
-250.00
-250.00
-250.00
-250.00
-250.00
-250.00
-250.00
-250.00
-250.00
-250.00
-250.00
-250.00
-250.00
-250.00
-250.00
-250.00
-250.00
-250.00
-250.00
-250.00
-250.00
-250.00
-250.00
-250.00
-250.00
-250.00
-250.00
-250.00
-250.00
-250.00
-250.00
-250.00
-250.00
-250.00
-250.00
-250.00
-250.00
-250.00
-250.00
-250.00
-250.00
-250.00
-250.00
-250.00
-250.00
-250.00
-250.00
-250.00
-250.00
-250.00
-250.00
-250.00
-250.00
-250.00
-250.00
-250.00
-250.00
-250.00
-250.00
-250.00
-250.00
-250.00
-250.00
-250.00
-250.00
-250.00
-250.00
-250.00
-250.00
-250.00
-250.00
-250.00
-250.00
-250.00
-250.00
-250.00
-250.00
-250.00
-250.00
-250.00
-250.00
-250.00
-250.00
-250.00
-250.00
-250.00
-250.00
-250.00
-250.00
-250.00
-250.00
-250.00
-250.00
-250.00
-250.00
-250.00
-250.00
-250.00
-250.00
-250.00
-250.00
-250.00
-250.00
-250.00
-250.00
-250.00
-250.00
-250.00
-250.00
-250.00
-250.00
-250.00
-250.00
-250.00
-250.00
-250.00
-250.00
-250.00
-250.00
-250.00
-250.00
-250.00
-250.00
-250.00
-250.00
-250.00
-250.00
-250.00
-250.00
-250.00
-250.00
-250.00
-250.00
-250.00
-250.00
-250.00
-250.00
-250.00
-250.00
-250.00
-250.00
-250.00
-250.00
-250.00
-250.00
-250.00
-250.00
-250.00
-250.00
-250.00
-250.00
-250.00
-250.00
-250.00
-250.00
-250.00
-250.00
-250.00
-250.00
-250.00
-250.00
-250.00
-250.00
-250.00
-250.00
-250.00
-250.00
-250.00
-250.00
-250.00
-250.00
-250.00
-250.00
-250.00
-250.00
-250.00
-250.00
-250.00
-250.00
-250.00
-250.00
-250.00
-250.00
-250.00
-250.00
-250.00
-250.00
-250.00
-250.00
-250.00
-250.00
-250.00
-250.00
-250.00
-250.00
-250.00
-250.00
-250.00
-250.00
-250.00
-250.00
-250.00
-250.00
-250.00
-250.00
-250.00
-250.00
-250.00
-250.00
-250.00
-250.00
-250.00
-250.00
-250.00
-250.00
-250.00
-250.00
-250.00
-250.00
-250.00
-250.00
-250.00
-250.00
-250.00
-250.00
-250.00
-250.00
-250.00
-250.00
-250.00
-250.00
-250.00
-250.00
-250.00
-250.00
-250.00
-250.00
-250.00
-250.00
-250.00
-250.00
-250.00
-250.00
-250.00
-250.00
-250.00
-250.00
-250.00
-250.00
-250.00
-250.00
-250.00
-250.00
-250.00
-250.00
-250.00
-250.00
-250.00
-250.00
-250.00
-250.00
-250.00
-250.00
-250.00
-250.00
-250.00
-250.00
-250.00
-250.00
-250.00
-250.00
-250.00
-250.00
-250.00
-250.00
-250.00
-250.00
-250.00
-250.00
-250.00
-250.00
-250.00
-250.00
-250.00
-250.00
-250.00
-250.00
-250.00
-250.00
-250.00
-250.00
-250.00
-250.00
-250.00
-250.00
-250.00
-250.00
-250.00
-250.00
-250.00
-250.00
-250.00
-250.00
-250.00
-250.00
-250.00
-250.00
-250.00
-250.00
-250.00
-250.00
-250.00
-250.00
-250.00
-250.00
-250.00
-250.00
-250.00
-250.00
-250.00
-250.00
-250.00
-250.00
-250.00
-250.00
-250.00
-250.00
-250.00
-250.00
-250.00
-250.00
-250.00
-250.00
-250.00
-250.00
-250.00
-250.00
-250.00
-250.00
-250.00
-250.00
-250.00
-250.00
-250.00
-250.00
-250.00
-250.00
-250.00
-250.00
-250.00
-250.00
-250.00
-250.00
-250.00
-250.00
-250.00
-250.00
-250.00
-250.00
-250.00
-250.00
-250.00
-250.00
-250.00
-250.00
-250.00
-250.00
-250.00
-250.00
-250.00
-250.00
-250.00
-250.00
-250.00
-250.00
-250.00
-250.00
-250.00
-250.00
-250.00
-250.00
-250.00
-250.00
-250.00
-250.00
-250.00
-250.00
-250.00
-250.00
-250.00
-250.00
-250.00
-250.00
-250.00
-250.00
-250.00
-250.00
-250.00
-250.00
-250.00
-250.00
-250.00
-250.00
-250.00
-250.00
-250.00
-250.00
-250.00
-250.00
-250.00
-250.00
-250.00
-250.00
-250.00
-250.00
-250.00
-250.00
-250.00
-250.00
-250.00
-250.00
-250.00
-250.00
-250.00
-250.00
-250.00
-250.00
-250.00
-250.00
-250.00
-250.00
-250.00
-250.00
-250.00
-250.00
-250.00
-250.00
-250.00
-250.00
-250.00
-250.00
-250.00
-250.00
-250.00
-250.00
-250.00
-250.00
-250.00
-250.00
-250.00
-250.00
-250.00
-250.00
-250.00
-250.00
-250.00
-250.00
-250.00
-250.00
-250.00
-250.00
-250.00
-250.00
-250.00
-250.00
-250.00
-250.00
-250.00
-250.00
-250.00
-250.00
-250.00
-250.00
-250.00
-250.00
-250.00
-250.00
-250.00
-250.00
-250.00
-250.00
-250.00
-250.00
-250.00
-250.00
-250.00
-250.00
-250.00
-250.00
-250.00
-250.00
-250.00
-250.00
-250.00
-250.00
-250.00
-250.00
-250.00
-250.00
-250.00
-250.00
-250.00
-250.00
-250.00
-250.00
-250.00
-250.00
-250.00
-250.00
-250.00
-250.00
-250.00
-250.00
-250.00
-250.00
-250.00
-250.00
-250.00
-250.00
-250.00
-250.00
-250.00
-250.00
-250.00
-250.00
-250.00
-250.00
-250.00
-250.00
-250.00
-250.00
-250.00
-250.00
-250.00
-250.00
-250.00
-250.00
-250.00
-250.00
-250.00
-250.00
-250.00
-250.00
-250.00
-250.00
-250.00
-250.00
-250.00
-250.00
-250.00
-250.00
-250.00
-250.00
-250.00
-250.00
-250.00
-250.00
-250.00
-250.00
-250.00
-250.00
-250.00
-250.00
-250.00
-250.00
-250.00
-250.00
-250.00
-250.00
-250.00
-250.00
-250.00
-250.00
-250.00
-250.00
-250.00
-250.00
-250.00
-250.00
-250.00
-250.00
-250.00
-250.00
-250.00
-250.00
-250.00
-250.00
-250.00
-250.00
-250.00
-250.00
-250.00
-250.00
-250.00
-250.00
-250.00
-250.00
-250.00
-250.00
-250.00
-250.00
-250.00
-250.00
-250.00
-250.00
-250.00
-250.00
-250.00
-250.00
-250.00
-250.00
-250.00
-250.00
-250.00
-250.00
-250.00
-250.00
-250.00
-250.00
-250.00
-250.00
-250.00
-250.00
-250.00
-250.00
-250.00
-250.00
-250.00
-250.00
-250.00
-250.00
-250.00
-250.00
-250.00
-250.00
-250.00
-250.00
-250.00
-250.00
-250.00
-250.00
-250.00
-250.00
-250.00
-250.00
-250.00
-250.00
-250.00
-250.00
-250.00
-250.00
-250.00
-250.00
-250.00
-250.00
-250.00
-250.00
-250.00
-250.00
-250.00
-250.00
-250.00
-250.00
-250.00
-250.00
-250.00
-250.00
-250.00
-250.00
-250.00
-250.00
-250.00
-250.00
-250.00
-250.00
-250.00
-250.00
-250.00
-250.00
-250.00
-250.00
-250.00
-250.00
-250.00
-250.00
-250.00
-250.00
-250.00
-250.00
-250.00
-250.00
-250.00
-250.00
-250.00
-250.00
-250.00
-250.00
-250.00
-250.00
-250.00
-250.00
-250.00
-250.00
-250.00
-250.00
-250.00
-250.00
-250.00
-250.00
-250.00
-250.00
-250.00
-250.00
-250.00
-250.00
-250.00
-250.00
-250.00
-250.00
-250.00
-250.00
-250.00
-250.00
-250.00
-250.00
-250.00
-250.00
-250.00
-250.00
-250.00
-250.00
-250.00
-250.00
-250.00
-250.00
-250.00
-250.00
-250.00
-250.00
-250.00
-250.00
-250.00
-250.00
-250.00
-250.00
-250.00
-250.00
-250.00
-250.00
-250.00
-250.00
-250.00
-250.00
-250.00
-250.00
-250.00
-250.00
-250.00
-250.00
-250.00
-250.00
-250.00
-250.00
-250.00
-250.00
-250.00
-250.00
-250.00
-250.00
-250.00
-250.00
-250.00
-250.00
-250.00
-250.00
-250.00
-250.00
-250.00
-250.00
-250.00
-250.00
-250.00
-250.00
-250.00
-250.00
-250.00
-250.00
-250.00
-250.00
-250.00
-250.00
-250.00
-250.00
-250.00
-250.00
-250.00
-250.00
-250.00
-250.00
-250.00
-250.00
-250.00
-250.00
-250.00
-250.00
-250.00
-250.00
-250.00
-250.00
-250.00
-250.00
-250.00
-250.00
-250.00
-250.00
-250.00
-250.00
-250.00
-250.00
-250.00
-250.00
-250.00
-250.00
-250.00
-250.00
-250.00
-250.00
-250.00
-250.00
-250.00
-250.00
-250.00
-250.00
-250.00
-250.00
-250.00
-250.00
-250.00
-250.00
-250.00
-250.00
-250.00
-250.00
-250.00
-250.00
-250.00
-250.00
-250.00
-250.00
-250.00
-250.00
-250.00
-250.00
-250.00
-250.00
-250.00
-250.00
-250.00
-250.00
-250.00
-250.00
-250.00
-250.00
-250.00
-250.00
-250.00
-250.00
-250.00
-250.00
-250.00
-250.00
-250.00
-250.00
-250.00
-250.00
-250.00
-250.00
-250.00
-250.00
-250.00
-250.00
-250.00
-250.00
-250.00
-250.00
-250.00
-250.00
-250.00
-250.00
-250.00
-250.00
-250.00
-250.00
-250.00
-250.00
-250.00
-250.00
-250.00
-250.00
-250.00
-250.00
-250.00
-250.00
-250.00
-250.00
-250.00
-250.00
-250.00
-250.00
-250.00
-250.00
-250.00
-250.00
-250.00
-250.00
-250.00
-250.00
-250.00
-250.00
-250.00
-250.00
-250.00
-250.00
-250.00
-250.00
-250.00
-250.00
-250.00
-250.00
-250.00
-250.00
-250.00
-250.00
-250.00
-250.00
-250.00
-250.00
-250.00
-250.00
-250.00
-250.00
-250.00
-250.00
-250.00
-250.00
-250.00
-250.00
-250.00
-250.00
-250.00
