-250.00
-250.00
-250.00
-250.00
-250.00
-250.00
-250.00
-250.00
-250.00
-250.00
-250.00
-250.00
-250.00
-250.00
-250.00
-250.00
-250.00
-250.00
-250.00
-162.28
-146.46
-146.79
-147.54
-150.29
-151.73
-150.67
-150.74
-152.05
-154.36
-157.21
-159.50
-161.96
-250.00
-250.00
-250.00
-250.00
-250.00
-250.00
-250.00
-250.00
-250.00
-250.00
-250.00
-250.00
-250.00
-250.00
-250.00
-250.00
-250.00
-250.00
-250.00
-250.00
-250.00
-250.00
-250.00
-250.00
-250.00
-250.00
-250.00
-250.00
-250.00
-250.00
-250.00
-250.00
-250.00
-250.00
-250.00
-250.00
-250.00
-250.00
-250.00
-250.00
-250.00
-250.00
-250.00
-250.00
-250.00
-250.00
-250.00
-250.00
-250.00
-250.00
-250.00
-250.00
-250.00
-250.00
-250.00
-250.00
-250.00
-250.00
-250.00
-250.00
-250.00
-250.00
-250.00
-250.00
-250.00
-250.00
-250.00
-250.00
-250.00
-250.00
-250.00
-250.00
-250.00
-250.00
-250.00
-250.00
-250.00
-250.00
-250.00
-250.00
-173.99
-141.94
-137.62
-137.58
-138.80
-142.77
-145.75
-148.28
-146.65
-148.48
-150.58
-153.26
-155.90
-158.83
-161.44
-164.89
-250.00
-250.00
-250.00
-250.00
-250.00
-250.00
-250.00
-250.00
-250.00
-250.00
-250.00
-250.00
-250.00
-250.00
-250.00
-250.00
-250.00
-250.00
-250.00
-250.00
-250.00
-250.00
-250.00
-250.00
-250.00
-250.00
-250.00
-250.00
-250.00
-250.00
-250.00
-250.00
-250.00
-250.00
-250.00
-250.00
-250.00
-250.00
-250.00
-250.00
-250.00
-250.00
-250.00
-250.00
-250.00
-250.00
-250.00
-250.00
-250.00
-250.00
-250.00
-250.00
-250.00
-250.00
-250.00
-250.00
-250.00
-250.00
-250.00
-250.00
-250.00
-250.00
-250.00
-250.00
-250.00
-250.00
-250.00
-250.00
-250.00
-250.00
-250.00
-250.00
-250.00
-250.00
-250.00
-250.00
-250.00
-250.00
-137.06
-134.78
-133.95
-134.26
-135.08
-136.37
-138.07
-143.38
-144.37
-145.09
-147.42
-155.54
-153.08
-155.82
-159.17
-162.98
-167.09
-171.16
-250.00
-250.00
-250.00
-250.00
-250.00
-250.00
-250.00
-250.00
-250.00
-250.00
-250.00
-250.00
-250.00
-250.00
-250.00
-250.00
-250.00
-250.00
-250.00
-250.00
-250.00
-250.00
-250.00
-250.00
-250.00
-250.00
-250.00
-250.00
-250.00
-250.00
-250.00
-250.00
-250.00
-250.00
-250.00
-250.00
-250.00
-250.00
-250.00
-250.00
-250.00
-250.00
-250.00
-250.00
-250.00
-250.00
-250.00
-250.00
-250.00
-250.00
-250.00
-250.00
-250.00
-250.00
-250.00
-250.00
-250.00
-250.00
-250.00
-250.00
-250.00
-250.00
-250.00
-250.00
-250.00
-250.00
-250.00
-250.00
-250.00
-250.00
-250.00
-250.00
-250.00
-250.00
-250.00
-132.49
-130.02
-129.06
-128.49
-129.09
-129.84
-131.42
-133.40
-137.00
-140.67
-142.04
-144.61
-147.52
-150.50
-159.46
-165.11
-161.59
-166.02
-170.37
-174.72
-250.00
-250.00
-250.00
-250.00
-250.00
-250.00
-250.00
-250.00
-250.00
-250.00
-250.00
-250.00
-250.00
-250.00
-250.00
-250.00
-250.00
-250.00
-250.00
-250.00
-250.00
-250.00
-250.00
-250.00
-250.00
-250.00
-250.00
-250.00
-250.00
-250.00
-250.00
-250.00
-250.00
-250.00
-250.00
-250.00
-250.00
-250.00
-250.00
-250.00
-250.00
-250.00
-250.00
-250.00
-250.00
-250.00
-250.00
-250.00
-250.00
-250.00
-250.00
-250.00
-250.00
-250.00
-250.00
-250.00
-250.00
-250.00
-250.00
-250.00
-250.00
-250.00
-250.00
-250.00
-250.00
-250.00
-250.00
-250.00
-250.00
-250.00
-250.00
-250.00
-250.00
-127.83
-125.95
-125.09
-124.36
-123.98
-124.02
-125.23
-126.95
-129.20
-131.68
-136.30
-139.89
-141.43
-145.09
-148.86
-152.40
-157.06
-167.08
-168.68
-170.27
-175.06
-180.95
-187.58
-250.00
-250.00
-250.00
-250.00
-250.00
-250.00
-250.00
-250.00
-250.00
-250.00
-250.00
-250.00
-250.00
-250.00
-250.00
-250.00
-250.00
-250.00
-250.00
-250.00
-250.00
-250.00
-250.00
-250.00
-250.00
-250.00
-250.00
-250.00
-250.00
-250.00
-250.00
-250.00
-250.00
-250.00
-250.00
-250.00
-250.00
-250.00
-250.00
-250.00
-250.00
-250.00
-250.00
-250.00
-250.00
-250.00
-250.00
-250.00
-250.00
-250.00
-250.00
-250.00
-250.00
-250.00
-250.00
-250.00
-250.00
-250.00
-250.00
-250.00
-250.00
-250.00
-250.00
-250.00
-250.00
-250.00
-250.00
-250.00
-250.00
-250.00
-123.04
-120.42
-121.49
-120.35
-119.72
-119.36
-120.35
-121.48
-123.37
-125.67
-128.03
-132.66
-135.97
-138.77
-142.35
-147.98
-152.13
-155.71
-161.72
-173.08
-180.44
-179.16
-185.76
-192.46
-201.05
-250.00
-250.00
-250.00
-250.00
-250.00
-250.00
-250.00
-250.00
-250.00
-250.00
-250.00
-250.00
-250.00
-250.00
-250.00
-250.00
-250.00
-250.00
-250.00
-250.00
-250.00
-250.00
-250.00
-250.00
-250.00
-250.00
-250.00
-250.00
-250.00
-250.00
-250.00
-250.00
-250.00
-250.00
-250.00
-250.00
-250.00
-250.00
-250.00
-250.00
-250.00
-250.00
-250.00
-250.00
-250.00
-250.00
-250.00
-250.00
-250.00
-250.00
-250.00
-250.00
-250.00
-250.00
-250.00
-250.00
-250.00
-250.00
-250.00
-250.00
-250.00
-250.00
-250.00
-250.00
-250.00
-250.00
-250.00
-250.00
-119.00
-116.46
-115.92
-115.74
-115.76
-115.81
-116.02
-117.07
-118.80
-120.68
-123.04
-125.62
-128.41
-132.81
-137.51
-142.14
-145.95
-150.88
-158.15
-162.44
-168.82
-178.29
-192.51
-201.26
-206.54
-211.12
-206.52
-250.00
-250.00
-250.00
-250.00
-250.00
-250.00
-250.00
-250.00
-250.00
-250.00
-250.00
-250.00
-250.00
-250.00
-250.00
-250.00
-250.00
-250.00
-250.00
-250.00
-250.00
-250.00
-250.00
-250.00
-250.00
-250.00
-250.00
-250.00
-250.00
-250.00
-250.00
-250.00
-250.00
-250.00
-250.00
-250.00
-250.00
-250.00
-250.00
-250.00
-250.00
-250.00
-250.00
-250.00
-250.00
-250.00
-250.00
-250.00
-250.00
-250.00
-250.00
-250.00
-250.00
-250.00
-250.00
-250.00
-250.00
-250.00
-250.00
-250.00
-250.00
-250.00
-250.00
-250.00
-250.00
-250.00
-115.35
-112.84
-110.61
-109.55
-110.37
-110.80
-111.85
-113.43
-114.90
-116.86
-119.07
-121.63
-124.30
-127.16
-131.65
-136.78
-142.32
-146.29
-152.72
-159.17
-166.63
-176.01
-190.24
-189.61
-192.59
-197.37
-196.41
-200.58
-250.00
-250.00
-250.00
-250.00
-250.00
-250.00
-250.00
-250.00
-250.00
-250.00
-250.00
-250.00
-250.00
-250.00
-250.00
-250.00
-250.00
-250.00
-250.00
-250.00
-250.00
-250.00
-250.00
-250.00
-250.00
-250.00
-250.00
-250.00
-250.00
-250.00
-250.00
-250.00
-250.00
-250.00
-250.00
-250.00
-250.00
-250.00
-250.00
-250.00
-250.00
-250.00
-250.00
-250.00
-250.00
-250.00
-250.00
-250.00
-250.00
-250.00
-250.00
-250.00
-250.00
-250.00
-250.00
-250.00
-250.00
-250.00
-250.00
-250.00
-250.00
-250.00
-250.00
-250.00
-250.00
-139.00
-108.76
-107.13
-105.06
-104.46
-105.21
-106.37
-108.30
-110.54
-113.22
-115.94
-118.85
-121.36
-124.42
-128.26
-132.38
-137.30
-143.42
-151.06
-158.86
-170.27
-176.82
-180.44
-179.67
-180.67
-184.22
-193.78
-195.95
-200.50
-206.56
-250.00
-250.00
-250.00
-250.00
-250.00
-250.00
-250.00
-250.00
-250.00
-250.00
-250.00
-250.00
-250.00
-250.00
-250.00
-250.00
-250.00
-250.00
-250.00
-250.00
-250.00
-250.00
-250.00
-250.00
-250.00
-250.00
-250.00
-250.00
-250.00
-250.00
-250.00
-250.00
-250.00
-250.00
-250.00
-250.00
-250.00
-250.00
-250.00
-250.00
-250.00
-250.00
-250.00
-250.00
-250.00
-250.00
-250.00
-250.00
-250.00
-250.00
-250.00
-250.00
-250.00
-250.00
-250.00
-250.00
-250.00
-250.00
-250.00
-250.00
-250.00
-250.00
-250.00
-250.00
-106.47
-103.51
-101.79
-100.30
-99.61
-100.19
-102.14
-104.77
-107.71
-111.28
-115.25
-119.30
-123.31
-126.87
-131.03
-137.11
-142.86
-148.65
-162.48
-169.98
-164.50
-166.57
-172.05
-177.47
-180.36
-184.77
-195.82
-200.95
-206.09
-207.82
-212.88
-250.00
-250.00
-250.00
-250.00
-250.00
-250.00
-250.00
-250.00
-250.00
-250.00
-250.00
-250.00
-250.00
-250.00
-250.00
-250.00
-250.00
-250.00
-250.00
-250.00
-250.00
-250.00
-250.00
-250.00
-250.00
-250.00
-250.00
-250.00
-250.00
-250.00
-250.00
-250.00
-250.00
-250.00
-250.00
-250.00
-250.00
-250.00
-250.00
-250.00
-250.00
-250.00
-250.00
-250.00
-250.00
-250.00
-250.00
-250.00
-250.00
-250.00
-250.00
-250.00
-250.00
-250.00
-250.00
-250.00
-250.00
-250.00
-250.00
-250.00
-250.00
-250.00
-101.60
-98.98
-96.61
-95.54
-95.40
-95.56
-97.06
-99.25
-102.27
-105.70
-110.59
-115.13
-120.77
-128.21
-135.54
-138.87
-148.23
-149.19
-153.03
-156.58
-155.75
-158.02
-163.94
-172.00
-180.56
-182.67
-185.74
-188.82
-189.48
-191.11
-195.50
-199.90
-206.97
-250.00
-250.00
-250.00
-250.00
-250.00
-250.00
-250.00
-250.00
-250.00
-250.00
-250.00
-250.00
-250.00
-250.00
-250.00
-250.00
-250.00
-250.00
-250.00
-250.00
-250.00
-250.00
-250.00
-250.00
-250.00
-250.00
-250.00
-250.00
-250.00
-250.00
-250.00
-250.00
-250.00
-250.00
-250.00
-250.00
-250.00
-250.00
-250.00
-250.00
-250.00
-250.00
-250.00
-250.00
-250.00
-250.00
-250.00
-250.00
-250.00
-250.00
-250.00
-250.00
-250.00
-250.00
-250.00
-250.00
-250.00
-250.00
-250.00
-250.00
-98.81
-95.27
-92.12
-90.96
-90.49
-91.00
-92.73
-94.89
-97.62
-101.27
-105.48
-111.34
-118.90
-128.74
-150.43
-136.31
-138.21
-141.27
-141.59
-147.91
-157.68
-158.26
-167.83
-188.50
-170.00
-169.62
-169.54
-169.30
-174.55
-179.07
-181.31
-182.54
-193.57
-198.72
-250.00
-250.00
-250.00
-250.00
-250.00
-250.00
-250.00
-250.00
-250.00
-250.00
-250.00
-250.00
-250.00
-250.00
-250.00
-250.00
-250.00
-250.00
-250.00
-250.00
-250.00
-250.00
-250.00
-250.00
-250.00
-250.00
-250.00
-250.00
-250.00
-250.00
-250.00
-250.00
-250.00
-250.00
-250.00
-250.00
-250.00
-250.00
-250.00
-250.00
-250.00
-250.00
-250.00
-250.00
-250.00
-250.00
-250.00
-250.00
-250.00
-250.00
-250.00
-250.00
-250.00
-250.00
-250.00
-250.00
-250.00
-250.00
-250.00
-97.04
-92.55
-89.26
-87.28
-85.98
-86.54
-88.30
-90.81
-94.38
-98.60
-102.62
-108.70
-119.40
-135.81
-127.79
-127.87
-131.34
-132.91
-141.82
-147.52
-154.81
-150.64
-151.22
-151.75
-155.94
-156.55
-156.83
-164.65
-167.82
-167.71
-172.95
-181.77
-179.74
-185.65
-193.74
-199.36
-250.00
-250.00
-250.00
-250.00
-250.00
-250.00
-250.00
-250.00
-250.00
-250.00
-250.00
-250.00
-250.00
-250.00
-250.00
-250.00
-250.00
-250.00
-250.00
-250.00
-250.00
-250.00
-250.00
-250.00
-250.00
-250.00
-250.00
-250.00
-250.00
-250.00
-250.00
-250.00
-250.00
-250.00
-250.00
-250.00
-250.00
-250.00
-250.00
-250.00
-250.00
-250.00
-250.00
-250.00
-250.00
-250.00
-250.00
-250.00
-250.00
-250.00
-250.00
-250.00
-250.00
-250.00
-250.00
-250.00
-250.00
-105.43
-90.02
-86.12
-83.99
-83.53
-83.46
-84.44
-86.91
-90.55
-95.36
-102.97
-110.00
-127.99
-141.37
-121.98
-124.00
-131.54
-137.52
-139.14
-137.17
-135.99
-134.60
-137.46
-141.19
-144.24
-148.04
-149.03
-152.46
-162.19
-159.36
-169.87
-170.83
-172.94
-186.56
-189.40
-191.86
-196.82
-250.00
-250.00
-250.00
-250.00
-250.00
-250.00
-250.00
-250.00
-250.00
-250.00
-250.00
-250.00
-250.00
-250.00
-250.00
-250.00
-250.00
-250.00
-250.00
-250.00
-250.00
-250.00
-250.00
-250.00
-250.00
-250.00
-250.00
-250.00
-250.00
-250.00
-250.00
-250.00
-250.00
-250.00
-250.00
-250.00
-250.00
-250.00
-250.00
-250.00
-250.00
-250.00
-250.00
-250.00
-250.00
-250.00
-250.00
-250.00
-250.00
-250.00
-250.00
-250.00
-250.00
-250.00
-250.00
-250.00
-250.00
-88.42
-83.80
-80.60
-79.81
-80.53
-82.60
-84.82
-87.44
-92.14
-102.38
-113.14
-112.46
-112.33
-115.55
-120.15
-132.84
-121.76
-123.65
-121.33
-121.93
-125.84
-126.79
-129.97
-135.11
-139.90
-141.70
-148.87
-152.47
-151.90
-157.56
-164.40
-169.31
-180.31
-184.24
-184.61
-187.29
-195.71
-200.60
-250.00
-250.00
-250.00
-250.00
-250.00
-250.00
-250.00
-250.00
-250.00
-250.00
-250.00
-250.00
-250.00
-250.00
-250.00
-250.00
-250.00
-250.00
-250.00
-250.00
-250.00
-250.00
-250.00
-250.00
-250.00
-250.00
-250.00
-250.00
-250.00
-250.00
-250.00
-250.00
-250.00
-250.00
-250.00
-250.00
-250.00
-250.00
-250.00
-250.00
-250.00
-250.00
-250.00
-250.00
-250.00
-250.00
-250.00
-250.00
-250.00
-250.00
-250.00
-250.00
-250.00
-250.00
-250.00
-86.78
-80.73
-77.28
-76.18
-76.18
-78.31
-83.26
-90.28
-94.48
-99.92
-118.42
-112.13
-111.78
-120.08
-117.13
-115.58
-112.78
-113.38
-112.97
-114.07
-114.85
-120.76
-122.92
-125.33
-130.42
-135.00
-142.40
-145.83
-150.05
-152.33
-157.75
-166.17
-168.24
-174.25
-179.03
-186.31
-188.39
-196.01
-200.77
-250.00
-250.00
-250.00
-250.00
-250.00
-250.00
-250.00
-250.00
-250.00
-250.00
-250.00
-250.00
-250.00
-250.00
-250.00
-250.00
-250.00
-250.00
-250.00
-250.00
-250.00
-250.00
-250.00
-250.00
-250.00
-250.00
-250.00
-250.00
-250.00
-250.00
-250.00
-250.00
-250.00
-250.00
-250.00
-250.00
-250.00
-250.00
-250.00
-250.00
-250.00
-250.00
-250.00
-250.00
-250.00
-250.00
-250.00
-250.00
-250.00
-250.00
-250.00
-250.00
-250.00
-250.00
-108.88
-78.56
-74.79
-72.76
-73.18
-75.56
-79.64
-86.90
-99.20
-103.81
-97.66
-109.29
-117.03
-104.23
-102.43
-100.29
-102.13
-102.62
-103.95
-106.06
-109.17
-110.84
-116.09
-121.05
-123.34
-127.47
-135.03
-141.95
-145.15
-150.86
-155.90
-157.96
-164.58
-166.72
-171.62
-177.84
-192.80
-190.99
-198.58
-203.77
-207.71
-250.00
-250.00
-250.00
-250.00
-250.00
-250.00
-250.00
-250.00
-250.00
-250.00
-250.00
-250.00
-250.00
-250.00
-250.00
-250.00
-250.00
-250.00
-250.00
-250.00
-250.00
-250.00
-250.00
-250.00
-250.00
-250.00
-250.00
-250.00
-250.00
-250.00
-250.00
-250.00
-250.00
-250.00
-250.00
-250.00
-250.00
-250.00
-250.00
-250.00
-250.00
-250.00
-250.00
-250.00
-250.00
-250.00
-250.00
-250.00
-250.00
-250.00
-250.00
-250.00
-250.00
-79.69
-73.11
-70.21
-70.60
-73.53
-78.31
-88.08
-102.59
-95.67
-100.16
-131.81
-93.79
-92.86
-92.70
-93.25
-93.27
-95.52
-97.38
-99.51
-101.75
-106.87
-109.28
-113.01
-119.68
-123.48
-127.94
-134.04
-140.35
-146.32
-156.25
-161.56
-159.80
-163.72
-167.67
-172.77
-180.95
-194.01
-196.39
-198.76
-209.22
-213.09
-250.00
-250.00
-250.00
-250.00
-250.00
-250.00
-250.00
-250.00
-250.00
-250.00
-250.00
-250.00
-250.00
-250.00
-250.00
-250.00
-250.00
-250.00
-250.00
-250.00
-250.00
-250.00
-250.00
-250.00
-250.00
-250.00
-250.00
-250.00
-250.00
-250.00
-250.00
-250.00
-250.00
-250.00
-250.00
-250.00
-250.00
-250.00
-250.00
-250.00
-250.00
-250.00
-250.00
-250.00
-250.00
-250.00
-250.00
-250.00
-250.00
-250.00
-250.00
-250.00
-81.82
-73.00
-69.25
-68.93
-70.35
-79.61
-94.23
-92.45
-95.06
-101.37
-90.49
-85.70
-84.96
-85.84
-86.72
-88.48
-91.33
-93.64
-96.29
-99.03
-101.97
-104.71
-111.68
-116.59
-119.09
-124.51
-136.00
-145.24
-143.19
-148.11
-153.56
-168.23
-167.31
-171.18
-174.33
-178.30
-183.03
-187.63
-200.27
-208.94
-250.00
-250.00
-250.00
-250.00
-250.00
-250.00
-250.00
-250.00
-250.00
-250.00
-250.00
-250.00
-250.00
-250.00
-250.00
-250.00
-250.00
-250.00
-250.00
-250.00
-250.00
-250.00
-250.00
-250.00
-250.00
-250.00
-250.00
-250.00
-250.00
-250.00
-250.00
-250.00
-250.00
-250.00
-250.00
-250.00
-250.00
-250.00
-250.00
-250.00
-250.00
-250.00
-250.00
-250.00
-250.00
-250.00
-250.00
-250.00
-250.00
-250.00
-250.00
-250.00
-250.00
-250.00
-75.27
-69.21
-68.01
-71.03
-79.20
-112.42
-90.96
-105.86
-85.40
-81.11
-80.38
-80.21
-81.85
-83.32
-85.83
-88.35
-91.58
-95.28
-98.91
-101.93
-107.63
-113.40
-116.66
-120.19
-138.38
-133.51
-140.47
-143.25
-141.50
-146.25
-156.63
-170.99
-169.61
-170.97
-181.92
-191.54
-188.85
-197.23
-212.93
-214.61
-214.06
-215.71
-219.55
-250.00
-250.00
-250.00
-250.00
-250.00
-250.00
-250.00
-250.00
-250.00
-250.00
-250.00
-250.00
-250.00
-250.00
-250.00
-250.00
-250.00
-250.00
-250.00
-250.00
-250.00
-250.00
-250.00
-250.00
-250.00
-250.00
-250.00
-250.00
-250.00
-250.00
-250.00
-250.00
-250.00
-250.00
-250.00
-250.00
-250.00
-250.00
-250.00
-250.00
-250.00
-250.00
-250.00
-250.00
-250.00
-250.00
-250.00
-250.00
-250.00
-250.00
-81.41
-72.29
-68.48
-70.40
-92.61
-79.06
-78.69
-85.64
-80.39
-77.76
-77.19
-78.65
-80.49
-82.97
-86.27
-91.25
-94.59
-105.80
-112.50
-108.77
-119.16
-109.49
-109.40
-114.00
-117.08
-119.01
-121.77
-124.18
-128.62
-135.94
-143.31
-149.41
-153.90
-159.11
-167.60
-177.52
-184.28
-185.84
-186.79
-191.66
-198.11
-206.91
-212.89
-218.27
-250.00
-250.00
-250.00
-250.00
-250.00
-250.00
-250.00
-250.00
-250.00
-250.00
-250.00
-250.00
-250.00
-250.00
-250.00
-250.00
-250.00
-250.00
-250.00
-250.00
-250.00
-250.00
-250.00
-250.00
-250.00
-250.00
-250.00
-250.00
-250.00
-250.00
-250.00
-250.00
-250.00
-250.00
-250.00
-250.00
-250.00
-250.00
-250.00
-250.00
-250.00
-250.00
-250.00
-250.00
-250.00
-250.00
-250.00
-250.00
-250.00
-250.00
-77.56
-72.03
-72.83
-76.83
-77.69
-76.44
-74.50
-79.76
-77.28
-77.82
-81.13
-83.95
-86.23
-94.82
-104.51
-115.02
-102.63
-101.34
-103.26
-103.49
-104.15
-104.47
-105.75
-107.32
-109.98
-112.66
-116.94
-120.68
-126.21
-133.35
-138.63
-144.86
-153.86
-162.03
-169.97
-178.17
-180.84
-183.64
-192.46
-198.93
-205.42
-206.64
-213.70
-217.58
-250.00
-250.00
-250.00
-250.00
-250.00
-250.00
-250.00
-250.00
-250.00
-250.00
-250.00
-250.00
-250.00
-250.00
-250.00
-250.00
-250.00
-250.00
-250.00
-250.00
-250.00
-250.00
-250.00
-250.00
-250.00
-250.00
-250.00
-250.00
-250.00
-250.00
-250.00
-250.00
-250.00
-250.00
-250.00
-250.00
-250.00
-250.00
-250.00
-250.00
-250.00
-250.00
-250.00
-250.00
-250.00
-250.00
-250.00
-250.00
-250.00
-87.11
-79.22
-80.62
-102.66
-81.57
-77.18
-76.47
-76.06
-85.87
-86.27
-87.98
-91.87
-99.27
-100.03
-93.60
-91.53
-91.95
-92.92
-95.48
-98.64
-102.25
-105.04
-106.69
-107.52
-110.76
-113.79
-118.40
-118.39
-119.56
-124.32
-135.81
-144.78
-150.60
-158.25
-166.79
-175.78
-184.18
-190.33
-188.97
-191.67
-191.79
-202.89
-218.76
-218.43
-250.00
-250.00
-250.00
-250.00
-250.00
-250.00
-250.00
-250.00
-250.00
-250.00
-250.00
-250.00
-250.00
-250.00
-250.00
-250.00
-250.00
-250.00
-250.00
-250.00
-250.00
-250.00
-250.00
-250.00
-250.00
-250.00
-250.00
-250.00
-250.00
-250.00
-250.00
-250.00
-250.00
-250.00
-250.00
-250.00
-250.00
-250.00
-250.00
-250.00
-250.00
-250.00
-250.00
-250.00
-250.00
-250.00
-250.00
-250.00
-250.00
-250.00
-95.25
-85.80
-77.38
-85.27
-79.33
-75.05
-71.06
-83.67
-85.74
-107.08
-107.43
-98.93
-94.54
-94.88
-94.87
-93.70
-94.75
-97.76
-98.00
-99.48
-102.74
-110.14
-117.20
-118.05
-113.56
-115.79
-121.33
-125.64
-128.90
-139.55
-142.82
-142.07
-144.42
-155.80
-168.85
-173.70
-178.55
-188.23
-197.92
-198.59
-198.31
-204.65
-218.51
-250.00
-250.00
-250.00
-250.00
-250.00
-250.00
-250.00
-250.00
-250.00
-250.00
-250.00
-250.00
-250.00
-250.00
-250.00
-250.00
-250.00
-250.00
-250.00
-250.00
-250.00
-250.00
-250.00
-250.00
-250.00
-250.00
-250.00
-250.00
-250.00
-250.00
-250.00
-250.00
-250.00
-250.00
-250.00
-250.00
-250.00
-250.00
-250.00
-250.00
-250.00
-250.00
-250.00
-250.00
-250.00
-250.00
-250.00
-250.00
-250.00
-250.00
-123.30
-82.38
-71.05
-71.91
-89.39
-93.81
-66.79
-67.36
-78.38
-91.60
-87.73
-85.68
-92.16
-100.46
-101.84
-99.59
-97.84
-99.78
-102.54
-103.83
-98.88
-98.04
-98.09
-98.66
-98.34
-99.00
-102.06
-105.92
-107.08
-110.71
-114.07
-121.03
-124.19
-131.06
-141.71
-156.58
-170.44
-177.26
-185.99
-189.96
-198.33
-202.58
-206.83
-212.49
-217.08
-250.00
-250.00
-250.00
-250.00
-250.00
-250.00
-250.00
-250.00
-250.00
-250.00
-250.00
-250.00
-250.00
-250.00
-250.00
-250.00
-250.00
-250.00
-250.00
-250.00
-250.00
-250.00
-250.00
-250.00
-250.00
-250.00
-250.00
-250.00
-250.00
-250.00
-250.00
-250.00
-250.00
-250.00
-250.00
-250.00
-250.00
-250.00
-250.00
-250.00
-250.00
-250.00
-250.00
-250.00
-250.00
-250.00
-250.00
-250.00
-250.00
-90.84
-73.92
-66.87
-74.47
-79.76
-73.83
-62.67
-67.62
-103.39
-77.06
-76.82
-82.62
-106.07
-100.51
-93.74
-93.13
-93.39
-96.30
-101.65
-105.55
-100.15
-98.31
-96.22
-95.18
-95.12
-96.25
-97.31
-99.07
-101.79
-104.57
-106.58
-111.36
-116.80
-122.11
-132.70
-153.29
-162.64
-173.17
-184.19
-186.16
-193.72
-198.75
-205.16
-208.14
-213.06
-219.52
-250.00
-250.00
-250.00
-250.00
-250.00
-250.00
-250.00
-250.00
-250.00
-250.00
-250.00
-250.00
-250.00
-250.00
-250.00
-250.00
-250.00
-250.00
-250.00
-250.00
-250.00
-250.00
-250.00
-250.00
-250.00
-250.00
-250.00
-250.00
-250.00
-250.00
-250.00
-250.00
-250.00
-250.00
-250.00
-250.00
-250.00
-250.00
-250.00
-250.00
-250.00
-250.00
-250.00
-250.00
-250.00
-250.00
-250.00
-250.00
-83.50
-69.91
-65.65
-77.13
-89.82
-67.49
-62.09
-70.57
-75.59
-72.45
-76.64
-99.12
-79.13
-77.17
-79.87
-80.53
-83.30
-85.58
-89.43
-93.62
-99.03
-100.63
-101.66
-98.07
-96.86
-96.56
-96.80
-97.65
-98.88
-100.43
-102.78
-106.00
-111.74
-117.35
-123.57
-141.10
-158.88
-173.03
-179.05
-185.87
-196.64
-199.38
-203.64
-207.03
-210.47
-214.35
-250.00
-250.00
-250.00
-250.00
-250.00
-250.00
-250.00
-250.00
-250.00
-250.00
-250.00
-250.00
-250.00
-250.00
-250.00
-250.00
-250.00
-250.00
-250.00
-250.00
-250.00
-250.00
-250.00
-250.00
-250.00
-250.00
-250.00
-250.00
-250.00
-250.00
-250.00
-250.00
-250.00
-250.00
-250.00
-250.00
-250.00
-250.00
-250.00
-250.00
-250.00
-250.00
-250.00
-250.00
-250.00
-250.00
-250.00
-250.00
-79.19
-68.90
-65.64
-75.53
-82.04
-66.52
-62.44
-69.17
-79.38
-71.47
-85.32
-78.70
-73.16
-72.27
-72.52
-74.25
-76.99
-78.05
-80.43
-83.32
-87.01
-91.49
-97.83
-103.54
-100.29
-98.67
-98.55
-98.73
-99.07
-99.87
-101.39
-104.13
-108.11
-113.43
-118.58
-135.50
-156.24
-172.47
-185.43
-183.85
-192.85
-197.51
-202.18
-207.76
-210.54
-213.48
-250.00
-250.00
-250.00
-250.00
-250.00
-250.00
-250.00
-250.00
-250.00
-250.00
-250.00
-250.00
-250.00
-250.00
-250.00
-250.00
-250.00
-250.00
-250.00
-250.00
-250.00
-250.00
-250.00
-250.00
-250.00
-250.00
-250.00
-250.00
-250.00
-250.00
-250.00
-250.00
-250.00
-250.00
-250.00
-250.00
-250.00
-250.00
-250.00
-250.00
-250.00
-250.00
-250.00
-250.00
-250.00
-250.00
-250.00
-250.00
-79.14
-68.85
-66.68
-80.72
-78.54
-66.84
-62.93
-68.61
-76.06
-71.25
-83.51
-74.69
-69.24
-68.51
-69.36
-71.11
-73.27
-75.04
-77.40
-80.04
-83.31
-86.39
-88.24
-92.87
-99.17
-106.28
-107.47
-103.43
-102.31
-101.86
-102.96
-105.30
-107.67
-112.93
-117.90
-133.90
-157.08
-176.72
-187.66
-189.36
-192.85
-199.58
-206.32
-208.47
-211.17
-213.82
-250.00
-250.00
-250.00
-250.00
-250.00
-250.00
-250.00
-250.00
-250.00
-250.00
-250.00
-250.00
-250.00
-250.00
-250.00
-250.00
-250.00
-250.00
-250.00
-250.00
-250.00
-250.00
-250.00
-250.00
-250.00
-250.00
-250.00
-250.00
-250.00
-250.00
-250.00
-250.00
-250.00
-250.00
-250.00
-250.00
-250.00
-250.00
-250.00
-250.00
-250.00
-250.00
-250.00
-250.00
-250.00
-250.00
-250.00
-134.03
-78.14
-69.95
-68.23
-76.92
-83.81
-69.63
-64.49
-68.37
-84.38
-72.08
-76.38
-74.99
-69.37
-67.70
-68.43
-69.74
-71.54
-73.59
-76.30
-79.20
-82.15
-84.47
-86.26
-90.99
-94.39
-96.90
-101.96
-114.47
-115.63
-113.32
-111.49
-113.20
-114.82
-119.04
-126.41
-135.42
-173.80
-185.81
-192.50
-198.82
-195.38
-205.17
-211.19
-210.41
-212.70
-215.14
-250.00
-250.00
-250.00
-250.00
-250.00
-250.00
-250.00
-250.00
-250.00
-250.00
-250.00
-250.00
-250.00
-250.00
-250.00
-250.00
-250.00
-250.00
-250.00
-250.00
-250.00
-250.00
-250.00
-250.00
-250.00
-250.00
-250.00
-250.00
-250.00
-250.00
-250.00
-250.00
-250.00
-250.00
-250.00
-250.00
-250.00
-250.00
-250.00
-250.00
-250.00
-250.00
-250.00
-250.00
-250.00
-250.00
-250.00
-92.47
-79.57
-72.13
-68.62
-73.96
-81.32
-79.99
-67.61
-67.87
-92.67
-74.60
-76.55
-109.19
-74.85
-69.10
-68.10
-68.86
-70.66
-73.62
-75.54
-78.52
-81.63
-84.98
-88.50
-95.36
-96.57
-95.68
-102.51
-111.75
-116.61
-121.08
-120.39
-119.73
-123.43
-132.14
-135.40
-140.78
-178.43
-186.15
-198.33
-204.85
-200.42
-203.12
-215.59
-217.09
-215.79
-217.68
-250.00
-250.00
-250.00
-250.00
-250.00
-250.00
-250.00
-250.00
-250.00
-250.00
-250.00
-250.00
-250.00
-250.00
-250.00
-250.00
-250.00
-250.00
-250.00
-250.00
-250.00
-250.00
-250.00
-250.00
-250.00
-250.00
-250.00
-250.00
-250.00
-250.00
-250.00
-250.00
-250.00
-250.00
-250.00
-250.00
-250.00
-250.00
-250.00
-250.00
-250.00
-250.00
-250.00
-250.00
-250.00
-250.00
-250.00
-93.94
-81.44
-74.40
-72.48
-80.31
-78.76
-87.22
-71.83
-68.65
-75.42
-81.17
-76.12
-87.24
-77.37
-72.49
-69.47
-69.12
-70.85
-71.93
-74.63
-79.44
-81.76
-84.73
-89.13
-94.56
-101.50
-108.66
-101.53
-103.68
-113.29
-108.32
-109.19
-117.04
-118.30
-119.57
-121.06
-123.16
-162.91
-182.44
-196.11
-199.13
-202.16
-208.05
-217.71
-250.00
-250.00
-250.00
-250.00
-250.00
-250.00
-250.00
-250.00
-250.00
-250.00
-250.00
-250.00
-250.00
-250.00
-250.00
-250.00
-250.00
-250.00
-250.00
-250.00
-250.00
-250.00
-250.00
-250.00
-250.00
-250.00
-250.00
-250.00
-250.00
-250.00
-250.00
-250.00
-250.00
-250.00
-250.00
-250.00
-250.00
-250.00
-250.00
-250.00
-250.00
-250.00
-250.00
-250.00
-250.00
-250.00
-250.00
-250.00
-250.00
-250.00
-93.57
-83.23
-76.93
-74.29
-77.27
-82.33
-84.52
-74.91
-70.66
-73.35
-90.92
-79.01
-79.42
-108.70
-74.69
-73.21
-71.66
-71.31
-73.04
-74.57
-78.78
-83.70
-97.60
-107.26
-103.84
-98.18
-95.83
-95.08
-93.58
-92.58
-94.67
-99.51
-101.71
-107.27
-121.59
-126.13
-122.33
-143.09
-175.63
-190.08
-192.02
-197.01
-207.59
-211.32
-217.14
-250.00
-250.00
-250.00
-250.00
-250.00
-250.00
-250.00
-250.00
-250.00
-250.00
-250.00
-250.00
-250.00
-250.00
-250.00
-250.00
-250.00
-250.00
-250.00
-250.00
-250.00
-250.00
-250.00
-250.00
-250.00
-250.00
-250.00
-250.00
-250.00
-250.00
-250.00
-250.00
-250.00
-250.00
-250.00
-250.00
-250.00
-250.00
-250.00
-250.00
-250.00
-250.00
-250.00
-250.00
-250.00
-250.00
-250.00
-250.00
-250.00
-95.90
-86.13
-78.72
-75.04
-75.07
-81.68
-89.11
-81.97
-73.79
-73.80
-78.90
-92.95
-80.58
-83.32
-87.27
-80.67
-74.60
-74.05
-74.08
-75.91
-80.23
-81.63
-93.70
-96.03
-86.80
-86.79
-87.13
-87.83
-88.65
-89.23
-90.28
-90.59
-95.90
-98.55
-102.85
-109.13
-127.23
-134.32
-158.97
-187.82
-200.62
-199.92
-202.97
-207.70
-210.64
-213.67
-217.17
-250.00
-250.00
-250.00
-250.00
-250.00
-250.00
-250.00
-250.00
-250.00
-250.00
-250.00
-250.00
-250.00
-250.00
-250.00
-250.00
-250.00
-250.00
-250.00
-250.00
-250.00
-250.00
-250.00
-250.00
-250.00
-250.00
-250.00
-250.00
-250.00
-250.00
-250.00
-250.00
-250.00
-250.00
-250.00
-250.00
-250.00
-250.00
-250.00
-250.00
-250.00
-250.00
-250.00
-250.00
-250.00
-250.00
-250.00
-98.42
-88.92
-82.60
-79.90
-80.14
-84.57
-85.30
-90.65
-82.07
-76.26
-77.45
-85.98
-87.18
-83.43
-90.41
-84.97
-80.31
-77.07
-76.30
-77.00
-78.94
-84.88
-87.86
-104.29
-90.05
-87.45
-84.50
-83.75
-84.55
-85.67
-86.77
-87.88
-89.75
-93.27
-98.87
-103.10
-109.48
-125.28
-153.43
-189.01
-194.98
-194.25
-200.45
-205.32
-207.90
-210.28
-212.90
-215.93
-219.03
-250.00
-250.00
-250.00
-250.00
-250.00
-250.00
-250.00
-250.00
-250.00
-250.00
-250.00
-250.00
-250.00
-250.00
-250.00
-250.00
-250.00
-250.00
-250.00
-250.00
-250.00
-250.00
-250.00
-250.00
-250.00
-250.00
-250.00
-250.00
-250.00
-250.00
-250.00
-250.00
-250.00
-250.00
-250.00
-250.00
-250.00
-250.00
-250.00
-250.00
-250.00
-250.00
-250.00
-250.00
-250.00
-99.34
-90.33
-85.87
-82.54
-86.47
-104.39
-88.61
-88.12
-90.46
-80.74
-78.55
-81.87
-111.53
-87.49
-86.54
-95.32
-87.02
-82.15
-79.47
-78.64
-79.41
-82.35
-88.38
-90.80
-105.14
-89.91
-86.39
-86.49
-85.31
-84.20
-84.25
-85.25
-86.64
-89.02
-91.90
-96.14
-104.45
-117.29
-129.82
-187.10
-190.17
-193.23
-198.62
-203.98
-206.83
-208.93
-211.07
-213.49
-216.09
-250.00
-250.00
-250.00
-250.00
-250.00
-250.00
-250.00
-250.00
-250.00
-250.00
-250.00
-250.00
-250.00
-250.00
-250.00
-250.00
-250.00
-250.00
-250.00
-250.00
-250.00
-250.00
-250.00
-250.00
-250.00
-250.00
-250.00
-250.00
-250.00
-250.00
-250.00
-250.00
-250.00
-250.00
-250.00
-250.00
-250.00
-250.00
-250.00
-250.00
-250.00
-250.00
-250.00
-250.00
-250.00
-101.91
-93.55
-88.96
-85.46
-84.19
-86.34
-90.96
-91.61
-98.43
-86.65
-82.20
-82.23
-88.64
-99.49
-90.38
-92.14
-108.97
-89.62
-83.37
-81.84
-81.39
-82.05
-84.91
-92.39
-94.44
-111.63
-91.35
-89.92
-86.04
-85.81
-86.52
-85.61
-85.26
-87.36
-89.80
-92.85
-98.79
-105.91
-117.82
-166.81
-195.53
-199.03
-194.13
-199.01
-205.20
-208.60
-210.54
-212.44
-214.63
-217.00
-250.00
-250.00
-250.00
-250.00
-250.00
-250.00
-250.00
-250.00
-250.00
-250.00
-250.00
-250.00
-250.00
-250.00
-250.00
-250.00
-250.00
-250.00
-250.00
-250.00
-250.00
-250.00
-250.00
-250.00
-250.00
-250.00
-250.00
-250.00
-250.00
-250.00
-250.00
-250.00
-250.00
-250.00
-250.00
-250.00
-250.00
-250.00
-250.00
-250.00
-250.00
-250.00
-250.00
-250.00
-104.48
-97.28
-92.06
-88.85
-87.82
-85.96
-90.34
-97.90
-99.94
-93.26
-87.04
-84.81
-87.03
-94.01
-108.06
-94.90
-97.85
-113.87
-93.08
-86.50
-84.46
-84.24
-85.00
-86.64
-91.82
-113.09
-114.03
-93.40
-88.16
-89.29
-86.67
-87.57
-88.78
-89.37
-89.71
-92.18
-95.34
-100.79
-110.56
-159.47
-189.00
-212.75
-198.23
-196.25
-208.28
-208.56
-211.51
-212.77
-214.36
-216.81
-250.00
-250.00
-250.00
-250.00
-250.00
-250.00
-250.00
-250.00
-250.00
-250.00
-250.00
-250.00
-250.00
-250.00
-250.00
-250.00
-250.00
-250.00
-250.00
-250.00
-250.00
-250.00
-250.00
-250.00
-250.00
-250.00
-250.00
-250.00
-250.00
-250.00
-250.00
-250.00
-250.00
-250.00
-250.00
-250.00
-250.00
-250.00
-250.00
-250.00
-250.00
-250.00
-250.00
-250.00
-107.21
-100.39
-95.60
-92.24
-90.78
-88.91
-91.62
-97.76
-105.21
-100.51
-91.73
-88.14
-88.34
-92.35
-107.95
-99.43
-98.51
-100.03
-116.05
-95.17
-90.12
-87.43
-87.35
-87.92
-89.09
-95.87
-127.52
-105.79
-98.07
-94.43
-90.92
-89.90
-88.59
-90.03
-91.77
-93.24
-94.63
-97.91
-106.07
-149.24
-173.91
-189.09
-196.12
-201.74
-207.27
-208.52
-210.81
-213.94
-216.11
-217.56
-250.00
-250.00
-250.00
-250.00
-250.00
-250.00
-250.00
-250.00
-250.00
-250.00
-250.00
-250.00
-250.00
-250.00
-250.00
-250.00
-250.00
-250.00
-250.00
-250.00
-250.00
-250.00
-250.00
-250.00
-250.00
-250.00
-250.00
-250.00
-250.00
-250.00
-250.00
-250.00
-250.00
-250.00
-250.00
-250.00
-250.00
-250.00
-250.00
-250.00
-250.00
-250.00
-250.00
-250.00
-110.67
-104.28
-99.45
-95.79
-94.09
-94.94
-96.98
-100.35
-102.27
-109.51
-98.76
-93.39
-91.61
-92.94
-98.97
-112.98
-101.17
-101.20
-105.81
-110.38
-96.30
-92.10
-90.80
-90.92
-90.72
-92.27
-96.48
-113.40
-115.23
-101.89
-98.87
-95.92
-93.56
-92.56
-92.72
-94.44
-96.82
-99.43
-103.83
-141.45
-159.95
-174.19
-184.87
-191.70
-219.10
-212.51
-210.85
-212.76
-216.00
-218.72
-250.00
-250.00
-250.00
-250.00
-250.00
-250.00
-250.00
-250.00
-250.00
-250.00
-250.00
-250.00
-250.00
-250.00
-250.00
-250.00
-250.00
-250.00
-250.00
-250.00
-250.00
-250.00
-250.00
-250.00
-250.00
-250.00
-250.00
-250.00
-250.00
-250.00
-250.00
-250.00
-250.00
-250.00
-250.00
-250.00
-250.00
-250.00
-250.00
-250.00
-250.00
-250.00
-250.00
-250.00
-114.01
-107.36
-103.00
-99.63
-97.67
-97.57
-108.53
-111.21
-105.36
-106.06
-117.72
-100.39
-95.69
-95.42
-98.53
-108.52
-111.16
-104.82
-104.05
-109.39
-111.56
-100.13
-96.37
-95.37
-95.69
-95.77
-97.13
-100.60
-114.78
-118.89
-113.07
-104.75
-100.62
-98.38
-97.16
-97.98
-100.12
-102.96
-107.67
-135.26
-148.80
-162.93
-174.33
-183.70
-190.59
-210.74
-216.34
-212.81
-214.86
-218.12
-250.00
-250.00
-250.00
-250.00
-250.00
-250.00
-250.00
-250.00
-250.00
-250.00
-250.00
-250.00
-250.00
-250.00
-250.00
-250.00
-250.00
-250.00
-250.00
-250.00
-250.00
-250.00
-250.00
-250.00
-250.00
-250.00
-250.00
-250.00
-250.00
-250.00
-250.00
-250.00
-250.00
-250.00
-250.00
-250.00
-250.00
-250.00
-250.00
-250.00
-250.00
-250.00
-250.00
-250.00
-116.34
-111.66
-106.30
-103.33
-99.88
-99.41
-101.59
-111.38
-111.49
-108.63
-117.55
-108.40
-101.00
-99.26
-100.52
-103.92
-113.08
-113.65
-107.14
-107.61
-113.71
-120.93
-106.09
-104.67
-103.07
-102.12
-102.87
-105.22
-109.40
-123.38
-128.11
-115.43
-112.80
-110.87
-108.31
-107.98
-110.23
-127.52
-136.80
-147.68
-159.68
-172.30
-184.04
-190.00
-195.75
-205.97
-212.05
-250.00
-218.40
-218.56
-250.00
-250.00
-250.00
-250.00
-250.00
-250.00
-250.00
-250.00
-250.00
-250.00
-250.00
-250.00
-250.00
-250.00
-250.00
-250.00
-250.00
-250.00
-250.00
-250.00
-250.00
-250.00
-250.00
-250.00
-250.00
-250.00
-250.00
-250.00
-250.00
-250.00
-250.00
-250.00
-250.00
-250.00
-250.00
-250.00
-250.00
-250.00
-250.00
-250.00
-250.00
-250.00
-250.00
-250.00
-118.51
-110.04
-106.35
-101.62
-101.71
-100.59
-103.28
-105.75
-110.82
-114.87
-114.84
-128.09
-108.16
-103.43
-101.53
-103.62
-109.15
-129.49
-114.27
-110.78
-111.99
-119.65
-137.23
-120.42
-114.04
-111.70
-110.71
-111.40
-114.01
-118.40
-125.56
-156.77
-137.74
-129.67
-127.96
-129.54
-134.13
-141.69
-151.80
-162.34
-172.24
-181.37
-191.26
-197.58
-203.81
-209.88
-219.35
-250.00
-250.00
-250.00
-250.00
-250.00
-250.00
-250.00
-250.00
-250.00
-250.00
-250.00
-250.00
-250.00
-250.00
-250.00
-250.00
-250.00
-250.00
-250.00
-250.00
-250.00
-250.00
-250.00
-250.00
-250.00
-250.00
-250.00
-250.00
-250.00
-250.00
-250.00
-250.00
-250.00
-250.00
-250.00
-250.00
-250.00
-250.00
-250.00
-250.00
-250.00
-250.00
-250.00
-250.00
-250.00
-250.00
-250.00
-118.41
-111.78
-109.85
-107.94
-105.82
-107.73
-108.55
-110.36
-116.55
-147.79
-123.05
-130.25
-117.87
-110.14
-107.53
-105.08
-108.29
-112.55
-131.27
-116.39
-115.55
-117.29
-122.02
-133.27
-127.47
-120.61
-118.74
-118.56
-119.90
-123.46
-128.56
-134.72
-142.12
-168.53
-150.29
-149.08
-154.10
-160.90
-167.52
-174.78
-182.36
-190.25
-198.07
-206.46
-212.21
-217.31
-250.00
-250.00
-250.00
-250.00
-250.00
-250.00
-250.00
-250.00
-250.00
-250.00
-250.00
-250.00
-250.00
-250.00
-250.00
-250.00
-250.00
-250.00
-250.00
-250.00
-250.00
-250.00
-250.00
-250.00
-250.00
-250.00
-250.00
-250.00
-250.00
-250.00
-250.00
-250.00
-250.00
-250.00
-250.00
-250.00
-250.00
-250.00
-250.00
-250.00
-250.00
-250.00
-250.00
-250.00
-250.00
-250.00
-250.00
-250.00
-127.07
-119.32
-114.94
-111.06
-108.87
-107.72
-107.75
-113.52
-116.96
-125.15
-134.37
-132.84
-133.25
-119.28
-113.31
-112.44
-111.62
-115.51
-121.49
-129.78
-126.83
-123.92
-127.23
-131.54
-144.67
-133.97
-129.78
-128.84
-130.21
-133.25
-137.50
-143.51
-149.97
-157.70
-170.96
-175.25
-172.66
-175.39
-180.00
-186.56
-194.16
-200.84
-207.82
-215.00
-219.90
-250.00
-250.00
-250.00
-250.00
-250.00
-250.00
-250.00
-250.00
-250.00
-250.00
-250.00
-250.00
-250.00
-250.00
-250.00
-250.00
-250.00
-250.00
-250.00
-250.00
-250.00
-250.00
-250.00
-250.00
-250.00
-250.00
-250.00
-250.00
-250.00
-250.00
-250.00
-250.00
-250.00
-250.00
-250.00
-250.00
-250.00
-250.00
-250.00
-250.00
-250.00
-250.00
-250.00
-250.00
-250.00
-250.00
-250.00
-250.00
-250.00
-131.00
-123.49
-119.18
-115.70
-112.99
-111.69
-111.49
-112.06
-119.85
-126.28
-157.61
-133.77
-139.90
-131.62
-122.36
-118.89
-116.79
-118.33
-120.18
-126.02
-134.89
-139.17
-136.44
-138.81
-143.45
-156.37
-148.74
-145.17
-144.74
-146.32
-148.16
-152.69
-157.57
-162.11
-168.46
-179.19
-199.20
-196.01
-195.95
-201.09
-206.30
-210.15
-214.67
-219.69
-250.00
-250.00
-250.00
-250.00
-250.00
-250.00
-250.00
-250.00
-250.00
-250.00
-250.00
-250.00
-250.00
-250.00
-250.00
-250.00
-250.00
-250.00
-250.00
-250.00
-250.00
-250.00
-250.00
-250.00
-250.00
-250.00
-250.00
-250.00
-250.00
-250.00
-250.00
-250.00
-250.00
-250.00
-250.00
-250.00
-250.00
-250.00
-250.00
-250.00
-250.00
-250.00
-250.00
-250.00
-250.00
-250.00
-250.00
-250.00
-250.00
-250.00
-134.79
-128.49
-124.30
-120.97
-118.09
-116.14
-115.82
-116.05
-117.80
-120.89
-139.63
-140.10
-138.71
-160.33
-132.44
-125.89
-122.81
-123.55
-123.79
-128.08
-135.00
-145.91
-151.09
-148.49
-150.07
-157.72
-162.02
-155.62
-154.72
-154.71
-155.76
-160.25
-165.08
-170.32
-175.72
-182.58
-190.34
-202.32
-208.82
-211.88
-213.25
-216.29
-250.00
-250.00
-250.00
-250.00
-250.00
-250.00
-250.00
-250.00
-250.00
-250.00
-250.00
-250.00
-250.00
-250.00
-250.00
-250.00
-250.00
-250.00
-250.00
-250.00
-250.00
-250.00
-250.00
-250.00
-250.00
-250.00
-250.00
-250.00
-250.00
-250.00
-250.00
-250.00
-250.00
-250.00
-250.00
-250.00
-250.00
-250.00
-250.00
-250.00
-250.00
-250.00
-250.00
-250.00
-250.00
-250.00
-250.00
-250.00
-250.00
-250.00
-250.00
-250.00
-137.98
-133.27
-129.47
-126.25
-123.72
-121.51
-120.50
-120.69
-121.77
-124.52
-129.80
-160.21
-141.39
-148.96
-141.74
-132.91
-129.07
-128.60
-127.68
-131.30
-136.80
-143.38
-154.43
-163.46
-158.08
-160.19
-167.83
-172.55
-165.17
-164.20
-164.62
-169.66
-175.15
-180.99
-183.28
-188.84
-196.63
-206.47
-213.97
-250.00
-250.00
-250.00
-250.00
-250.00
-250.00
-250.00
-250.00
-250.00
-250.00
-250.00
-250.00
-250.00
-250.00
-250.00
-250.00
-250.00
-250.00
-250.00
-250.00
-250.00
-250.00
-250.00
-250.00
-250.00
-250.00
-250.00
-250.00
-250.00
-250.00
-250.00
-250.00
-250.00
-250.00
-250.00
-250.00
-250.00
-250.00
-250.00
-250.00
-250.00
-250.00
-250.00
-250.00
-250.00
-250.00
-250.00
-250.00
-250.00
-250.00
-250.00
-250.00
-250.00
-250.00
-250.00
-142.81
-139.23
-135.52
-132.99
-130.10
-128.25
-127.24
-127.55
-128.62
-131.04
-135.64
-141.48
-150.96
-147.94
-179.12
-140.66
-136.59
-135.42
-133.53
-137.10
-140.90
-145.30
-152.11
-162.94
-167.39
-165.75
-167.66
-173.50
-203.27
-178.26
-179.55
-180.37
-182.20
-185.03
-190.32
-194.74
-199.33
-201.41
-207.78
-217.66
-250.00
-250.00
-250.00
-250.00
-250.00
-250.00
-250.00
-250.00
-250.00
-250.00
-250.00
-250.00
-250.00
-250.00
-250.00
-250.00
-250.00
-250.00
-250.00
-250.00
-250.00
-250.00
-250.00
-250.00
-250.00
-250.00
-250.00
-250.00
-250.00
-250.00
-250.00
-250.00
-250.00
-250.00
-250.00
-250.00
-250.00
-250.00
-250.00
-250.00
-250.00
-250.00
-250.00
-250.00
-250.00
-250.00
-250.00
-250.00
-250.00
-250.00
-250.00
-250.00
-250.00
-250.00
-146.24
-143.54
-141.03
-138.61
-136.89
-135.05
-133.99
-134.46
-135.87
-138.13
-143.56
-149.93
-151.58
-150.63
-157.03
-160.79
-151.11
-144.17
-142.25
-145.11
-147.81
-150.00
-155.83
-160.38
-168.57
-172.60
-175.64
-177.78
-177.74
-182.67
-190.31
-195.05
-194.59
-193.21
-195.10
-196.96
-199.60
-204.44
-208.72
-215.76
-250.00
-250.00
-250.00
-250.00
-250.00
-250.00
-250.00
-250.00
-250.00
-250.00
-250.00
-250.00
-250.00
-250.00
-250.00
-250.00
-250.00
-250.00
-250.00
-250.00
-250.00
-250.00
-250.00
-250.00
-250.00
-250.00
-250.00
-250.00
-250.00
-250.00
-250.00
-250.00
-250.00
-250.00
-250.00
-250.00
-250.00
-250.00
-250.00
-250.00
-250.00
-250.00
-250.00
-250.00
-250.00
-250.00
-250.00
-250.00
-250.00
-250.00
-250.00
-250.00
-250.00
-250.00
-151.14
-148.13
-145.07
-142.72
-141.33
-140.52
-139.70
-139.93
-141.55
-144.81
-149.52
-160.20
-164.17
-161.25
-163.15
-175.27
-160.91
-157.68
-153.13
-154.02
-155.26
-156.35
-161.17
-166.40
-173.70
-179.40
-180.49
-179.98
-182.13
-191.05
-192.98
-206.16
-212.47
-205.85
-204.87
-205.69
-206.94
-209.49
-212.82
-218.18
-250.00
-250.00
-250.00
-250.00
-250.00
-250.00
-250.00
-250.00
-250.00
-250.00
-250.00
-250.00
-250.00
-250.00
-250.00
-250.00
-250.00
-250.00
-250.00
-250.00
-250.00
-250.00
-250.00
-250.00
-250.00
-250.00
-250.00
-250.00
-250.00
-250.00
-250.00
-250.00
-250.00
-250.00
-250.00
-250.00
-250.00
-250.00
-250.00
-250.00
-250.00
-250.00
-250.00
-250.00
-250.00
-250.00
-250.00
-250.00
-250.00
-250.00
-250.00
-250.00
-250.00
-250.00
-155.73
-152.39
-149.67
-146.32
-145.36
-144.09
-143.58
-143.65
-144.62
-146.83
-150.18
-154.89
-162.34
-174.32
-168.76
-169.94
-183.94
-166.64
-161.65
-160.61
-162.75
-162.17
-167.72
-173.72
-180.29
-189.10
-195.67
-193.37
-190.73
-189.87
-195.63
-200.92
-210.47
-216.45
-216.65
-214.10
-214.08
-215.37
-217.78
-250.00
-250.00
-250.00
-250.00
-250.00
-250.00
-250.00
-250.00
-250.00
-250.00
-250.00
-250.00
-250.00
-250.00
-250.00
-250.00
-250.00
-250.00
-250.00
-250.00
-250.00
-250.00
-250.00
-250.00
-250.00
-250.00
-250.00
-250.00
-250.00
-250.00
-250.00
-250.00
-250.00
-250.00
-250.00
-250.00
-250.00
-250.00
-250.00
-250.00
-250.00
-250.00
-250.00
-250.00
-250.00
-250.00
-250.00
-250.00
-250.00
-250.00
-250.00
-250.00
-250.00
-250.00
