-250.00
-250.00
-250.00
-250.00
-250.00
-250.00
-250.00
-250.00
-250.00
-250.00
-250.00
-250.00
-250.00
-250.00
-250.00
-250.00
-250.00
-250.00
-250.00
-250.00
-250.00
-250.00
-250.00
-250.00
-250.00
-250.00
-250.00
-250.00
-250.00
-250.00
-250.00
-250.00
-250.00
-250.00
-250.00
-250.00
-250.00
-250.00
-250.00
-250.00
-250.00
-250.00
-250.00
-250.00
-250.00
-250.00
-250.00
-250.00
-250.00
-250.00
-250.00
-250.00
-250.00
-250.00
-250.00
-250.00
-250.00
-250.00
-250.00
-250.00
-250.00
-250.00
-250.00
-250.00
-250.00
-250.00
-250.00
-250.00
-250.00
-250.00
-250.00
-250.00
-250.00
-250.00
-250.00
-250.00
-250.00
-250.00
-250.00
-250.00
-250.00
-250.00
-250.00
-250.00
-250.00
-250.00
-250.00
-250.00
-250.00
-250.00
-250.00
-250.00
-250.00
-250.00
-250.00
-250.00
-250.00
-250.00
-250.00
-250.00
-250.00
-250.00
-250.00
-250.00
-250.00
-250.00
-250.00
-250.00
-250.00
-250.00
-250.00
-250.00
-250.00
-250.00
-168.52
-165.04
-165.28
-250.00
-250.00
-250.00
-250.00
-250.00
-250.00
-250.00
-250.00
-250.00
-250.00
-250.00
-250.00
-250.00
-250.00
-250.00
-250.00
-250.00
-250.00
-250.00
-250.00
-250.00
-250.00
-250.00
-250.00
-250.00
-250.00
-250.00
-250.00
-250.00
-250.00
-250.00
-250.00
-250.00
-250.00
-250.00
-250.00
-250.00
-250.00
-250.00
-250.00
-250.00
-250.00
-250.00
-250.00
-250.00
-250.00
-250.00
-250.00
-250.00
-250.00
-250.00
-250.00
-250.00
-250.00
-250.00
-250.00
-250.00
-250.00
-250.00
-250.00
-250.00
-250.00
-250.00
-250.00
-250.00
-250.00
-250.00
-250.00
-250.00
-250.00
-250.00
-250.00
-250.00
-250.00
-250.00
-250.00
-250.00
-250.00
-250.00
-250.00
-250.00
-250.00
-250.00
-250.00
-250.00
-250.00
-250.00
-250.00
-250.00
-250.00
-161.65
-161.23
-159.76
-159.97
-160.68
-162.00
-250.00
-250.00
-250.00
-250.00
-250.00
-250.00
-250.00
-250.00
-250.00
-250.00
-250.00
-250.00
-250.00
-250.00
-250.00
-250.00
-250.00
-250.00
-250.00
-250.00
-250.00
-250.00
-250.00
-250.00
-250.00
-250.00
-250.00
-250.00
-250.00
-250.00
-250.00
-250.00
-250.00
-250.00
-250.00
-250.00
-250.00
-250.00
-250.00
-250.00
-250.00
-250.00
-250.00
-250.00
-250.00
-250.00
-250.00
-250.00
-250.00
-250.00
-250.00
-250.00
-250.00
-250.00
-250.00
-250.00
-250.00
-250.00
-250.00
-250.00
-250.00
-250.00
-250.00
-250.00
-250.00
-250.00
-250.00
-250.00
-250.00
-250.00
-250.00
-250.00
-250.00
-250.00
-250.00
-250.00
-250.00
-250.00
-250.00
-250.00
-250.00
-250.00
-250.00
-250.00
-250.00
-250.00
-250.00
-153.53
-152.94
-155.74
-153.84
-153.60
-155.43
-156.95
-159.20
-161.24
-250.00
-250.00
-250.00
-250.00
-250.00
-250.00
-250.00
-250.00
-250.00
-250.00
-250.00
-250.00
-250.00
-250.00
-250.00
-250.00
-250.00
-250.00
-250.00
-250.00
-250.00
-250.00
-250.00
-250.00
-250.00
-250.00
-250.00
-250.00
-250.00
-250.00
-250.00
-250.00
-250.00
-250.00
-250.00
-250.00
-250.00
-250.00
-250.00
-250.00
-250.00
-250.00
-250.00
-250.00
-250.00
-250.00
-250.00
-250.00
-250.00
-250.00
-250.00
-250.00
-250.00
-250.00
-250.00
-250.00
-250.00
-250.00
-250.00
-250.00
-250.00
-250.00
-250.00
-250.00
-250.00
-250.00
-250.00
-250.00
-250.00
-250.00
-250.00
-250.00
-250.00
-250.00
-250.00
-250.00
-250.00
-250.00
-250.00
-250.00
-250.00
-250.00
-250.00
-250.00
-148.07
-146.59
-147.22
-150.10
-150.32
-148.71
-149.94
-152.50
-155.12
-157.42
-160.09
-162.71
-250.00
-250.00
-250.00
-250.00
-250.00
-250.00
-250.00
-250.00
-250.00
-250.00
-250.00
-250.00
-250.00
-250.00
-250.00
-250.00
-250.00
-250.00
-250.00
-250.00
-250.00
-250.00
-250.00
-250.00
-250.00
-250.00
-250.00
-250.00
-250.00
-250.00
-250.00
-250.00
-250.00
-250.00
-250.00
-250.00
-250.00
-250.00
-250.00
-250.00
-250.00
-250.00
-250.00
-250.00
-250.00
-250.00
-250.00
-250.00
-250.00
-250.00
-250.00
-250.00
-250.00
-250.00
-250.00
-250.00
-250.00
-250.00
-250.00
-250.00
-250.00
-250.00
-250.00
-250.00
-250.00
-250.00
-250.00
-250.00
-250.00
-250.00
-250.00
-250.00
-250.00
-250.00
-250.00
-250.00
-250.00
-250.00
-250.00
-250.00
-250.00
-144.26
-136.61
-136.20
-138.66
-140.64
-144.76
-144.50
-145.99
-154.02
-151.16
-154.14
-156.78
-160.14
-164.23
-168.65
-250.00
-250.00
-250.00
-250.00
-250.00
-250.00
-250.00
-250.00
-250.00
-250.00
-250.00
-250.00
-250.00
-250.00
-250.00
-250.00
-250.00
-250.00
-250.00
-250.00
-250.00
-250.00
-250.00
-250.00
-250.00
-250.00
-250.00
-250.00
-250.00
-250.00
-250.00
-250.00
-250.00
-250.00
-250.00
-250.00
-250.00
-250.00
-250.00
-250.00
-250.00
-250.00
-250.00
-250.00
-250.00
-250.00
-250.00
-250.00
-250.00
-250.00
-250.00
-250.00
-250.00
-250.00
-250.00
-250.00
-250.00
-250.00
-250.00
-250.00
-250.00
-250.00
-250.00
-250.00
-250.00
-250.00
-250.00
-250.00
-250.00
-250.00
-250.00
-250.00
-250.00
-250.00
-250.00
-250.00
-250.00
-250.00
-136.62
-132.88
-132.00
-131.77
-132.43
-133.83
-137.60
-140.32
-142.64
-144.83
-148.17
-156.77
-162.30
-158.28
-162.86
-167.52
-172.07
-177.01
-250.00
-250.00
-250.00
-250.00
-250.00
-250.00
-250.00
-250.00
-250.00
-250.00
-250.00
-250.00
-250.00
-250.00
-250.00
-250.00
-250.00
-250.00
-250.00
-250.00
-250.00
-250.00
-250.00
-250.00
-250.00
-250.00
-250.00
-250.00
-250.00
-250.00
-250.00
-250.00
-250.00
-250.00
-250.00
-250.00
-250.00
-250.00
-250.00
-250.00
-250.00
-250.00
-250.00
-250.00
-250.00
-250.00
-250.00
-250.00
-250.00
-250.00
-250.00
-250.00
-250.00
-250.00
-250.00
-250.00
-250.00
-250.00
-250.00
-250.00
-250.00
-250.00
-250.00
-250.00
-250.00
-250.00
-250.00
-250.00
-250.00
-250.00
-250.00
-250.00
-250.00
-250.00
-250.00
-138.96
-128.54
-126.53
-125.54
-125.53
-126.50
-128.51
-131.43
-134.99
-138.78
-142.45
-145.38
-149.11
-153.26
-163.80
-170.30
-167.61
-172.59
-178.39
-185.40
-193.76
-250.00
-250.00
-250.00
-250.00
-250.00
-250.00
-250.00
-250.00
-250.00
-250.00
-250.00
-250.00
-250.00
-250.00
-250.00
-250.00
-250.00
-250.00
-250.00
-250.00
-250.00
-250.00
-250.00
-250.00
-250.00
-250.00
-250.00
-250.00
-250.00
-250.00
-250.00
-250.00
-250.00
-250.00
-250.00
-250.00
-250.00
-250.00
-250.00
-250.00
-250.00
-250.00
-250.00
-250.00
-250.00
-250.00
-250.00
-250.00
-250.00
-250.00
-250.00
-250.00
-250.00
-250.00
-250.00
-250.00
-250.00
-250.00
-250.00
-250.00
-250.00
-250.00
-250.00
-250.00
-250.00
-250.00
-250.00
-250.00
-250.00
-250.00
-250.00
-250.00
-250.00
-123.99
-122.23
-121.24
-120.44
-120.59
-121.71
-124.12
-126.58
-130.81
-135.01
-138.01
-142.60
-148.41
-152.49
-157.95
-164.46
-176.41
-186.14
-195.24
-192.20
-209.00
-210.66
-250.00
-250.00
-250.00
-250.00
-250.00
-250.00
-250.00
-250.00
-250.00
-250.00
-250.00
-250.00
-250.00
-250.00
-250.00
-250.00
-250.00
-250.00
-250.00
-250.00
-250.00
-250.00
-250.00
-250.00
-250.00
-250.00
-250.00
-250.00
-250.00
-250.00
-250.00
-250.00
-250.00
-250.00
-250.00
-250.00
-250.00
-250.00
-250.00
-250.00
-250.00
-250.00
-250.00
-250.00
-250.00
-250.00
-250.00
-250.00
-250.00
-250.00
-250.00
-250.00
-250.00
-250.00
-250.00
-250.00
-250.00
-250.00
-250.00
-250.00
-250.00
-250.00
-250.00
-250.00
-250.00
-250.00
-250.00
-250.00
-250.00
-250.00
-134.11
-118.41
-117.89
-116.76
-115.64
-115.99
-116.76
-118.45
-120.71
-123.55
-126.85
-132.02
-136.89
-141.40
-146.63
-153.51
-159.92
-166.84
-177.51
-204.55
-193.10
-197.15
-195.01
-198.11
-202.06
-250.00
-250.00
-250.00
-250.00
-250.00
-250.00
-250.00
-250.00
-250.00
-250.00
-250.00
-250.00
-250.00
-250.00
-250.00
-250.00
-250.00
-250.00
-250.00
-250.00
-250.00
-250.00
-250.00
-250.00
-250.00
-250.00
-250.00
-250.00
-250.00
-250.00
-250.00
-250.00
-250.00
-250.00
-250.00
-250.00
-250.00
-250.00
-250.00
-250.00
-250.00
-250.00
-250.00
-250.00
-250.00
-250.00
-250.00
-250.00
-250.00
-250.00
-250.00
-250.00
-250.00
-250.00
-250.00
-250.00
-250.00
-250.00
-250.00
-250.00
-250.00
-250.00
-250.00
-250.00
-250.00
-250.00
-250.00
-250.00
-149.34
-113.47
-112.17
-110.51
-110.03
-111.12
-112.42
-114.07
-116.40
-119.04
-122.27
-125.59
-131.38
-136.69
-142.00
-149.20
-158.78
-167.48
-183.98
-181.32
-179.74
-182.28
-186.81
-198.39
-198.16
-203.33
-212.12
-250.00
-250.00
-250.00
-250.00
-250.00
-250.00
-250.00
-250.00
-250.00
-250.00
-250.00
-250.00
-250.00
-250.00
-250.00
-250.00
-250.00
-250.00
-250.00
-250.00
-250.00
-250.00
-250.00
-250.00
-250.00
-250.00
-250.00
-250.00
-250.00
-250.00
-250.00
-250.00
-250.00
-250.00
-250.00
-250.00
-250.00
-250.00
-250.00
-250.00
-250.00
-250.00
-250.00
-250.00
-250.00
-250.00
-250.00
-250.00
-250.00
-250.00
-250.00
-250.00
-250.00
-250.00
-250.00
-250.00
-250.00
-250.00
-250.00
-250.00
-250.00
-250.00
-250.00
-250.00
-250.00
-250.00
-250.00
-109.20
-106.55
-104.33
-103.58
-104.86
-106.42
-109.43
-112.52
-115.98
-119.30
-123.01
-127.72
-132.71
-139.86
-146.84
-158.72
-171.91
-165.04
-170.09
-176.15
-178.81
-182.14
-192.68
-194.39
-196.09
-197.76
-200.79
-205.12
-250.00
-250.00
-250.00
-250.00
-250.00
-250.00
-250.00
-250.00
-250.00
-250.00
-250.00
-250.00
-250.00
-250.00
-250.00
-250.00
-250.00
-250.00
-250.00
-250.00
-250.00
-250.00
-250.00
-250.00
-250.00
-250.00
-250.00
-250.00
-250.00
-250.00
-250.00
-250.00
-250.00
-250.00
-250.00
-250.00
-250.00
-250.00
-250.00
-250.00
-250.00
-250.00
-250.00
-250.00
-250.00
-250.00
-250.00
-250.00
-250.00
-250.00
-250.00
-250.00
-250.00
-250.00
-250.00
-250.00
-250.00
-250.00
-250.00
-250.00
-250.00
-250.00
-250.00
-250.00
-250.00
-109.49
-102.62
-99.91
-98.19
-98.07
-99.78
-102.67
-106.76
-111.53
-116.76
-122.37
-128.63
-133.13
-143.31
-149.88
-159.50
-157.38
-155.26
-160.47
-166.72
-176.55
-180.74
-186.76
-184.23
-184.50
-185.70
-190.51
-195.31
-197.98
-202.12
-250.00
-250.00
-250.00
-250.00
-250.00
-250.00
-250.00
-250.00
-250.00
-250.00
-250.00
-250.00
-250.00
-250.00
-250.00
-250.00
-250.00
-250.00
-250.00
-250.00
-250.00
-250.00
-250.00
-250.00
-250.00
-250.00
-250.00
-250.00
-250.00
-250.00
-250.00
-250.00
-250.00
-250.00
-250.00
-250.00
-250.00
-250.00
-250.00
-250.00
-250.00
-250.00
-250.00
-250.00
-250.00
-250.00
-250.00
-250.00
-250.00
-250.00
-250.00
-250.00
-250.00
-250.00
-250.00
-250.00
-250.00
-250.00
-250.00
-250.00
-250.00
-250.00
-250.00
-109.43
-97.55
-93.92
-92.60
-93.03
-94.36
-96.88
-100.77
-105.80
-112.94
-119.82
-133.61
-141.46
-138.94
-142.30
-141.10
-150.12
-157.81
-158.30
-178.97
-166.82
-165.67
-168.35
-171.84
-172.39
-177.31
-173.57
-184.44
-185.27
-191.44
-196.32
-201.21
-250.00
-250.00
-250.00
-250.00
-250.00
-250.00
-250.00
-250.00
-250.00
-250.00
-250.00
-250.00
-250.00
-250.00
-250.00
-250.00
-250.00
-250.00
-250.00
-250.00
-250.00
-250.00
-250.00
-250.00
-250.00
-250.00
-250.00
-250.00
-250.00
-250.00
-250.00
-250.00
-250.00
-250.00
-250.00
-250.00
-250.00
-250.00
-250.00
-250.00
-250.00
-250.00
-250.00
-250.00
-250.00
-250.00
-250.00
-250.00
-250.00
-250.00
-250.00
-250.00
-250.00
-250.00
-250.00
-250.00
-250.00
-250.00
-250.00
-250.00
-250.00
-250.00
-92.49
-88.73
-86.76
-87.23
-89.04
-92.11
-96.26
-101.13
-108.65
-121.12
-132.57
-128.14
-129.78
-131.84
-142.44
-163.52
-147.43
-146.79
-149.02
-149.88
-152.09
-153.97
-160.03
-159.16
-163.70
-167.20
-170.70
-176.09
-190.63
-191.66
-193.47
-197.91
-250.00
-250.00
-250.00
-250.00
-250.00
-250.00
-250.00
-250.00
-250.00
-250.00
-250.00
-250.00
-250.00
-250.00
-250.00
-250.00
-250.00
-250.00
-250.00
-250.00
-250.00
-250.00
-250.00
-250.00
-250.00
-250.00
-250.00
-250.00
-250.00
-250.00
-250.00
-250.00
-250.00
-250.00
-250.00
-250.00
-250.00
-250.00
-250.00
-250.00
-250.00
-250.00
-250.00
-250.00
-250.00
-250.00
-250.00
-250.00
-250.00
-250.00
-250.00
-250.00
-250.00
-250.00
-250.00
-250.00
-250.00
-250.00
-250.00
-250.00
-250.00
-90.02
-85.06
-83.04
-82.32
-83.52
-87.06
-92.75
-100.54
-109.13
-143.76
-120.65
-121.98
-129.39
-155.62
-132.63
-131.98
-131.48
-131.66
-136.49
-140.21
-141.79
-148.04
-152.60
-153.39
-154.83
-162.81
-166.46
-172.02
-179.66
-183.59
-184.90
-192.41
-196.88
-201.96
-250.00
-250.00
-250.00
-250.00
-250.00
-250.00
-250.00
-250.00
-250.00
-250.00
-250.00
-250.00
-250.00
-250.00
-250.00
-250.00
-250.00
-250.00
-250.00
-250.00
-250.00
-250.00
-250.00
-250.00
-250.00
-250.00
-250.00
-250.00
-250.00
-250.00
-250.00
-250.00
-250.00
-250.00
-250.00
-250.00
-250.00
-250.00
-250.00
-250.00
-250.00
-250.00
-250.00
-250.00
-250.00
-250.00
-250.00
-250.00
-250.00
-250.00
-250.00
-250.00
-250.00
-250.00
-250.00
-250.00
-250.00
-250.00
-250.00
-88.14
-81.71
-78.11
-78.69
-80.59
-83.20
-88.79
-98.53
-112.57
-110.17
-112.32
-119.08
-120.21
-119.77
-119.94
-115.82
-119.42
-123.58
-124.07
-129.06
-135.79
-140.06
-144.91
-149.69
-151.19
-152.13
-162.44
-167.64
-169.83
-178.25
-181.48
-187.03
-189.05
-197.66
-202.76
-250.00
-250.00
-250.00
-250.00
-250.00
-250.00
-250.00
-250.00
-250.00
-250.00
-250.00
-250.00
-250.00
-250.00
-250.00
-250.00
-250.00
-250.00
-250.00
-250.00
-250.00
-250.00
-250.00
-250.00
-250.00
-250.00
-250.00
-250.00
-250.00
-250.00
-250.00
-250.00
-250.00
-250.00
-250.00
-250.00
-250.00
-250.00
-250.00
-250.00
-250.00
-250.00
-250.00
-250.00
-250.00
-250.00
-250.00
-250.00
-250.00
-250.00
-250.00
-250.00
-250.00
-250.00
-250.00
-250.00
-250.00
-250.00
-95.19
-78.44
-74.26
-72.57
-76.04
-84.03
-91.47
-112.13
-103.77
-107.96
-128.48
-109.64
-108.87
-106.33
-106.66
-109.18
-110.65
-113.03
-120.76
-122.16
-125.69
-130.99
-142.11
-143.20
-149.51
-153.62
-155.76
-159.75
-166.30
-167.72
-174.26
-180.28
-186.14
-192.00
-201.02
-207.11
-250.00
-250.00
-250.00
-250.00
-250.00
-250.00
-250.00
-250.00
-250.00
-250.00
-250.00
-250.00
-250.00
-250.00
-250.00
-250.00
-250.00
-250.00
-250.00
-250.00
-250.00
-250.00
-250.00
-250.00
-250.00
-250.00
-250.00
-250.00
-250.00
-250.00
-250.00
-250.00
-250.00
-250.00
-250.00
-250.00
-250.00
-250.00
-250.00
-250.00
-250.00
-250.00
-250.00
-250.00
-250.00
-250.00
-250.00
-250.00
-250.00
-250.00
-250.00
-250.00
-250.00
-250.00
-250.00
-250.00
-250.00
-250.00
-77.26
-70.56
-69.97
-71.36
-76.68
-88.15
-87.43
-104.46
-104.25
-97.73
-95.29
-94.16
-96.37
-97.76
-100.38
-103.23
-108.61
-109.95
-115.10
-123.03
-125.74
-132.36
-136.94
-143.90
-152.78
-174.50
-157.53
-160.78
-166.26
-170.45
-173.97
-182.65
-200.06
-202.40
-199.08
-213.08
-213.23
-250.00
-250.00
-250.00
-250.00
-250.00
-250.00
-250.00
-250.00
-250.00
-250.00
-250.00
-250.00
-250.00
-250.00
-250.00
-250.00
-250.00
-250.00
-250.00
-250.00
-250.00
-250.00
-250.00
-250.00
-250.00
-250.00
-250.00
-250.00
-250.00
-250.00
-250.00
-250.00
-250.00
-250.00
-250.00
-250.00
-250.00
-250.00
-250.00
-250.00
-250.00
-250.00
-250.00
-250.00
-250.00
-250.00
-250.00
-250.00
-250.00
-250.00
-250.00
-250.00
-250.00
-250.00
-250.00
-250.00
-79.26
-69.10
-65.96
-70.23
-82.33
-83.24
-86.04
-95.18
-86.80
-85.42
-85.21
-87.31
-90.10
-92.64
-95.89
-98.44
-102.35
-108.12
-116.87
-117.60
-121.62
-129.21
-141.01
-142.24
-146.66
-152.06
-161.09
-167.10
-170.16
-172.36
-175.53
-181.77
-187.59
-192.51
-201.99
-212.48
-216.92
-250.00
-250.00
-250.00
-250.00
-250.00
-250.00
-250.00
-250.00
-250.00
-250.00
-250.00
-250.00
-250.00
-250.00
-250.00
-250.00
-250.00
-250.00
-250.00
-250.00
-250.00
-250.00
-250.00
-250.00
-250.00
-250.00
-250.00
-250.00
-250.00
-250.00
-250.00
-250.00
-250.00
-250.00
-250.00
-250.00
-250.00
-250.00
-250.00
-250.00
-250.00
-250.00
-250.00
-250.00
-250.00
-250.00
-250.00
-250.00
-250.00
-250.00
-250.00
-250.00
-250.00
-250.00
-250.00
-250.00
-250.00
-70.18
-65.11
-68.17
-86.24
-87.05
-97.60
-79.83
-77.60
-77.93
-80.41
-84.15
-87.36
-91.99
-96.62
-100.52
-108.14
-117.60
-120.27
-126.41
-131.86
-127.34
-125.58
-134.19
-146.20
-143.94
-146.70
-152.78
-158.09
-163.02
-171.95
-180.17
-184.53
-191.48
-187.53
-192.63
-200.19
-210.07
-215.79
-250.00
-250.00
-250.00
-250.00
-250.00
-250.00
-250.00
-250.00
-250.00
-250.00
-250.00
-250.00
-250.00
-250.00
-250.00
-250.00
-250.00
-250.00
-250.00
-250.00
-250.00
-250.00
-250.00
-250.00
-250.00
-250.00
-250.00
-250.00
-250.00
-250.00
-250.00
-250.00
-250.00
-250.00
-250.00
-250.00
-250.00
-250.00
-250.00
-250.00
-250.00
-250.00
-250.00
-250.00
-250.00
-250.00
-250.00
-250.00
-250.00
-250.00
-250.00
-250.00
-250.00
-250.00
-250.00
-76.80
-66.78
-67.64
-80.03
-75.82
-77.81
-74.53
-73.33
-76.60
-80.37
-87.88
-93.58
-104.54
-109.00
-109.12
-105.17
-106.11
-107.45
-109.49
-111.74
-113.13
-117.33
-122.26
-127.20
-132.56
-136.21
-143.85
-153.93
-157.56
-162.46
-167.59
-181.85
-182.38
-184.41
-192.43
-195.61
-206.08
-205.33
-214.49
-250.00
-250.00
-250.00
-250.00
-250.00
-250.00
-250.00
-250.00
-250.00
-250.00
-250.00
-250.00
-250.00
-250.00
-250.00
-250.00
-250.00
-250.00
-250.00
-250.00
-250.00
-250.00
-250.00
-250.00
-250.00
-250.00
-250.00
-250.00
-250.00
-250.00
-250.00
-250.00
-250.00
-250.00
-250.00
-250.00
-250.00
-250.00
-250.00
-250.00
-250.00
-250.00
-250.00
-250.00
-250.00
-250.00
-250.00
-250.00
-250.00
-250.00
-250.00
-250.00
-250.00
-250.00
-250.00
-74.39
-74.58
-81.66
-73.80
-72.03
-74.80
-83.79
-87.03
-101.89
-95.78
-92.06
-91.34
-92.98
-94.93
-101.88
-102.91
-104.20
-107.10
-109.06
-111.36
-114.58
-117.08
-119.72
-125.77
-135.87
-139.76
-148.04
-163.03
-160.88
-164.50
-195.27
-191.49
-194.14
-187.02
-191.35
-191.28
-205.47
-214.58
-218.00
-250.00
-250.00
-250.00
-250.00
-250.00
-250.00
-250.00
-250.00
-250.00
-250.00
-250.00
-250.00
-250.00
-250.00
-250.00
-250.00
-250.00
-250.00
-250.00
-250.00
-250.00
-250.00
-250.00
-250.00
-250.00
-250.00
-250.00
-250.00
-250.00
-250.00
-250.00
-250.00
-250.00
-250.00
-250.00
-250.00
-250.00
-250.00
-250.00
-250.00
-250.00
-250.00
-250.00
-250.00
-250.00
-250.00
-250.00
-250.00
-250.00
-250.00
-250.00
-250.00
-250.00
-250.00
-95.54
-80.09
-74.72
-78.32
-69.69
-72.07
-82.66
-130.86
-97.25
-91.67
-94.01
-96.41
-103.25
-95.55
-100.90
-104.68
-106.29
-107.12
-107.40
-111.35
-115.98
-120.77
-127.30
-131.01
-144.32
-139.82
-137.61
-141.48
-149.42
-158.83
-178.58
-174.99
-177.38
-183.76
-202.47
-200.97
-197.43
-200.06
-217.83
-250.00
-250.00
-250.00
-250.00
-250.00
-250.00
-250.00
-250.00
-250.00
-250.00
-250.00
-250.00
-250.00
-250.00
-250.00
-250.00
-250.00
-250.00
-250.00
-250.00
-250.00
-250.00
-250.00
-250.00
-250.00
-250.00
-250.00
-250.00
-250.00
-250.00
-250.00
-250.00
-250.00
-250.00
-250.00
-250.00
-250.00
-250.00
-250.00
-250.00
-250.00
-250.00
-250.00
-250.00
-250.00
-250.00
-250.00
-250.00
-250.00
-250.00
-250.00
-250.00
-250.00
-250.00
-250.00
-81.63
-65.51
-75.91
-81.56
-60.75
-74.01
-75.06
-77.21
-91.14
-102.98
-106.31
-95.98
-108.73
-95.64
-92.59
-92.28
-92.64
-93.58
-96.06
-99.16
-100.75
-102.23
-105.72
-110.12
-114.72
-118.14
-121.80
-126.47
-135.56
-143.58
-157.08
-163.46
-173.69
-181.02
-192.96
-195.45
-206.13
-207.96
-209.47
-216.44
-250.00
-250.00
-250.00
-250.00
-250.00
-250.00
-250.00
-250.00
-250.00
-250.00
-250.00
-250.00
-250.00
-250.00
-250.00
-250.00
-250.00
-250.00
-250.00
-250.00
-250.00
-250.00
-250.00
-250.00
-250.00
-250.00
-250.00
-250.00
-250.00
-250.00
-250.00
-250.00
-250.00
-250.00
-250.00
-250.00
-250.00
-250.00
-250.00
-250.00
-250.00
-250.00
-250.00
-250.00
-250.00
-250.00
-250.00
-250.00
-250.00
-250.00
-250.00
-250.00
-250.00
-250.00
-72.35
-62.60
-88.78
-66.82
-59.11
-77.33
-69.64
-87.94
-73.57
-75.43
-76.30
-80.41
-87.23
-97.93
-95.73
-93.60
-93.52
-93.41
-94.36
-95.68
-96.76
-98.36
-101.44
-104.02
-106.58
-109.59
-114.75
-119.24
-128.13
-134.11
-150.09
-157.99
-172.98
-175.39
-185.00
-192.02
-197.41
-201.34
-206.87
-212.36
-219.55
-250.00
-250.00
-250.00
-250.00
-250.00
-250.00
-250.00
-250.00
-250.00
-250.00
-250.00
-250.00
-250.00
-250.00
-250.00
-250.00
-250.00
-250.00
-250.00
-250.00
-250.00
-250.00
-250.00
-250.00
-250.00
-250.00
-250.00
-250.00
-250.00
-250.00
-250.00
-250.00
-250.00
-250.00
-250.00
-250.00
-250.00
-250.00
-250.00
-250.00
-250.00
-250.00
-250.00
-250.00
-250.00
-250.00
-250.00
-250.00
-250.00
-250.00
-250.00
-250.00
-250.00
-69.99
-62.66
-81.36
-70.25
-60.12
-84.79
-69.30
-76.89
-66.12
-66.68
-69.51
-73.15
-77.93
-83.58
-90.88
-100.80
-101.94
-98.13
-96.82
-97.09
-97.84
-98.46
-100.34
-101.66
-103.00
-105.07
-110.45
-114.01
-117.89
-128.03
-138.34
-153.09
-168.91
-174.39
-189.20
-189.08
-199.33
-202.44
-206.17
-210.83
-214.79
-250.00
-250.00
-250.00
-250.00
-250.00
-250.00
-250.00
-250.00
-250.00
-250.00
-250.00
-250.00
-250.00
-250.00
-250.00
-250.00
-250.00
-250.00
-250.00
-250.00
-250.00
-250.00
-250.00
-250.00
-250.00
-250.00
-250.00
-250.00
-250.00
-250.00
-250.00
-250.00
-250.00
-250.00
-250.00
-250.00
-250.00
-250.00
-250.00
-250.00
-250.00
-250.00
-250.00
-250.00
-250.00
-250.00
-250.00
-250.00
-250.00
-250.00
-250.00
-250.00
-88.93
-69.70
-65.14
-79.12
-69.49
-60.97
-78.29
-69.07
-116.41
-65.10
-64.62
-67.11
-70.87
-76.63
-83.60
-90.71
-94.16
-100.05
-108.69
-111.69
-110.34
-107.97
-105.36
-104.83
-104.21
-103.95
-104.92
-107.66
-111.93
-115.11
-118.58
-133.04
-152.44
-170.78
-175.53
-187.15
-188.33
-203.72
-202.11
-206.89
-210.35
-213.77
-250.00
-250.00
-250.00
-250.00
-250.00
-250.00
-250.00
-250.00
-250.00
-250.00
-250.00
-250.00
-250.00
-250.00
-250.00
-250.00
-250.00
-250.00
-250.00
-250.00
-250.00
-250.00
-250.00
-250.00
-250.00
-250.00
-250.00
-250.00
-250.00
-250.00
-250.00
-250.00
-250.00
-250.00
-250.00
-250.00
-250.00
-250.00
-250.00
-250.00
-250.00
-250.00
-250.00
-250.00
-250.00
-250.00
-250.00
-250.00
-250.00
-250.00
-250.00
-250.00
-87.34
-71.78
-65.74
-74.79
-78.85
-64.71
-69.12
-72.05
-77.58
-70.16
-65.26
-66.83
-70.51
-82.92
-102.44
-91.15
-88.65
-88.00
-93.46
-100.48
-104.15
-113.53
-117.74
-116.35
-113.58
-116.14
-116.93
-116.05
-120.55
-123.72
-122.39
-133.60
-157.74
-171.38
-180.66
-190.07
-190.45
-201.63
-206.94
-208.80
-211.71
-214.89
-250.00
-250.00
-250.00
-250.00
-250.00
-250.00
-250.00
-250.00
-250.00
-250.00
-250.00
-250.00
-250.00
-250.00
-250.00
-250.00
-250.00
-250.00
-250.00
-250.00
-250.00
-250.00
-250.00
-250.00
-250.00
-250.00
-250.00
-250.00
-250.00
-250.00
-250.00
-250.00
-250.00
-250.00
-250.00
-250.00
-250.00
-250.00
-250.00
-250.00
-250.00
-250.00
-250.00
-250.00
-250.00
-250.00
-250.00
-250.00
-250.00
-250.00
-250.00
-250.00
-88.83
-74.78
-71.19
-89.83
-77.02
-70.40
-67.92
-96.61
-74.74
-84.86
-71.40
-68.75
-70.96
-76.84
-101.30
-80.37
-80.53
-82.50
-84.53
-86.20
-89.60
-95.83
-99.36
-107.13
-117.16
-126.78
-125.58
-125.83
-123.02
-127.30
-135.82
-140.23
-186.18
-181.92
-196.55
-197.17
-205.76
-197.17
-213.53
-214.29
-214.61
-250.00
-250.00
-250.00
-250.00
-250.00
-250.00
-250.00
-250.00
-250.00
-250.00
-250.00
-250.00
-250.00
-250.00
-250.00
-250.00
-250.00
-250.00
-250.00
-250.00
-250.00
-250.00
-250.00
-250.00
-250.00
-250.00
-250.00
-250.00
-250.00
-250.00
-250.00
-250.00
-250.00
-250.00
-250.00
-250.00
-250.00
-250.00
-250.00
-250.00
-250.00
-250.00
-250.00
-250.00
-250.00
-250.00
-250.00
-250.00
-250.00
-250.00
-250.00
-250.00
-250.00
-89.85
-77.69
-71.83
-73.26
-85.46
-76.99
-70.46
-75.67
-82.91
-79.40
-80.05
-73.32
-72.52
-75.94
-84.83
-91.34
-83.19
-80.16
-79.94
-81.70
-83.79
-86.14
-89.38
-93.93
-96.72
-100.78
-110.35
-137.78
-118.61
-118.37
-120.62
-122.20
-155.56
-170.47
-179.21
-195.12
-207.99
-200.03
-214.41
-219.08
-250.00
-250.00
-250.00
-250.00
-250.00
-250.00
-250.00
-250.00
-250.00
-250.00
-250.00
-250.00
-250.00
-250.00
-250.00
-250.00
-250.00
-250.00
-250.00
-250.00
-250.00
-250.00
-250.00
-250.00
-250.00
-250.00
-250.00
-250.00
-250.00
-250.00
-250.00
-250.00
-250.00
-250.00
-250.00
-250.00
-250.00
-250.00
-250.00
-250.00
-250.00
-250.00
-250.00
-250.00
-250.00
-250.00
-250.00
-250.00
-250.00
-250.00
-250.00
-250.00
-250.00
-250.00
-92.93
-82.12
-76.63
-78.51
-83.11
-88.11
-75.79
-75.10
-88.08
-82.31
-87.56
-84.07
-76.67
-76.49
-79.94
-87.58
-96.78
-85.61
-82.28
-81.85
-80.39
-81.95
-83.83
-85.97
-88.66
-94.37
-96.08
-99.22
-105.04
-114.82
-129.29
-121.53
-135.28
-157.21
-177.15
-197.05
-196.47
-199.19
-215.55
-217.93
-250.00
-250.00
-250.00
-250.00
-250.00
-250.00
-250.00
-250.00
-250.00
-250.00
-250.00
-250.00
-250.00
-250.00
-250.00
-250.00
-250.00
-250.00
-250.00
-250.00
-250.00
-250.00
-250.00
-250.00
-250.00
-250.00
-250.00
-250.00
-250.00
-250.00
-250.00
-250.00
-250.00
-250.00
-250.00
-250.00
-250.00
-250.00
-250.00
-250.00
-250.00
-250.00
-250.00
-250.00
-250.00
-250.00
-250.00
-250.00
-250.00
-250.00
-250.00
-250.00
-250.00
-250.00
-95.12
-86.55
-82.65
-80.97
-91.99
-96.75
-87.93
-77.84
-80.48
-97.35
-86.90
-106.24
-85.21
-80.68
-80.14
-81.49
-90.29
-98.17
-88.36
-86.16
-82.22
-83.36
-81.73
-82.79
-84.69
-86.88
-89.31
-93.66
-99.55
-101.53
-107.34
-121.98
-137.24
-155.46
-170.38
-186.20
-193.47
-199.22
-207.39
-210.59
-214.49
-218.86
-250.00
-250.00
-250.00
-250.00
-250.00
-250.00
-250.00
-250.00
-250.00
-250.00
-250.00
-250.00
-250.00
-250.00
-250.00
-250.00
-250.00
-250.00
-250.00
-250.00
-250.00
-250.00
-250.00
-250.00
-250.00
-250.00
-250.00
-250.00
-250.00
-250.00
-250.00
-250.00
-250.00
-250.00
-250.00
-250.00
-250.00
-250.00
-250.00
-250.00
-250.00
-250.00
-250.00
-250.00
-250.00
-250.00
-250.00
-250.00
-250.00
-250.00
-250.00
-250.00
-98.99
-90.04
-85.06
-84.08
-91.58
-100.58
-97.17
-84.76
-81.85
-87.89
-103.37
-92.58
-102.82
-89.57
-83.66
-83.41
-84.57
-91.08
-111.20
-94.32
-86.30
-85.68
-84.63
-86.16
-85.90
-86.68
-88.42
-90.34
-93.58
-97.63
-105.03
-118.42
-135.68
-176.42
-174.67
-188.14
-194.09
-199.50
-204.84
-207.69
-210.67
-214.21
-250.00
-250.00
-250.00
-250.00
-250.00
-250.00
-250.00
-250.00
-250.00
-250.00
-250.00
-250.00
-250.00
-250.00
-250.00
-250.00
-250.00
-250.00
-250.00
-250.00
-250.00
-250.00
-250.00
-250.00
-250.00
-250.00
-250.00
-250.00
-250.00
-250.00
-250.00
-250.00
-250.00
-250.00
-250.00
-250.00
-250.00
-250.00
-250.00
-250.00
-250.00
-250.00
-250.00
-250.00
-250.00
-250.00
-250.00
-250.00
-250.00
-250.00
-250.00
-250.00
-102.92
-94.56
-89.50
-87.82
-91.76
-129.65
-108.69
-90.81
-85.70
-87.80
-98.71
-96.63
-97.15
-109.91
-91.04
-87.39
-86.99
-87.46
-91.52
-110.23
-98.56
-95.67
-89.61
-87.28
-87.33
-88.71
-88.89
-89.73
-91.72
-94.77
-99.57
-110.39
-120.53
-139.36
-194.80
-185.73
-189.67
-193.62
-202.99
-206.16
-209.32
-212.11
-215.36
-250.00
-250.00
-250.00
-250.00
-250.00
-250.00
-250.00
-250.00
-250.00
-250.00
-250.00
-250.00
-250.00
-250.00
-250.00
-250.00
-250.00
-250.00
-250.00
-250.00
-250.00
-250.00
-250.00
-250.00
-250.00
-250.00
-250.00
-250.00
-250.00
-250.00
-250.00
-250.00
-250.00
-250.00
-250.00
-250.00
-250.00
-250.00
-250.00
-250.00
-250.00
-250.00
-250.00
-250.00
-250.00
-250.00
-250.00
-250.00
-250.00
-250.00
-250.00
-107.62
-99.33
-94.39
-91.81
-94.09
-105.75
-106.84
-104.44
-91.84
-89.83
-93.63
-111.76
-99.56
-100.67
-108.37
-93.71
-90.19
-90.62
-90.61
-94.31
-106.94
-116.08
-98.96
-94.76
-91.61
-90.52
-90.70
-91.69
-92.08
-92.68
-96.81
-102.38
-108.71
-116.40
-164.14
-191.01
-193.19
-194.91
-200.97
-206.02
-209.49
-211.53
-214.34
-250.00
-250.00
-250.00
-250.00
-250.00
-250.00
-250.00
-250.00
-250.00
-250.00
-250.00
-250.00
-250.00
-250.00
-250.00
-250.00
-250.00
-250.00
-250.00
-250.00
-250.00
-250.00
-250.00
-250.00
-250.00
-250.00
-250.00
-250.00
-250.00
-250.00
-250.00
-250.00
-250.00
-250.00
-250.00
-250.00
-250.00
-250.00
-250.00
-250.00
-250.00
-250.00
-250.00
-250.00
-250.00
-250.00
-250.00
-250.00
-250.00
-250.00
-250.00
-110.95
-103.83
-99.19
-96.16
-96.83
-103.43
-117.01
-108.19
-101.30
-94.82
-95.49
-101.57
-113.18
-102.39
-104.55
-114.73
-99.15
-97.40
-95.55
-96.03
-98.35
-111.89
-118.19
-107.57
-101.10
-97.01
-94.76
-95.10
-94.68
-95.26
-96.13
-99.07
-104.04
-109.86
-140.53
-172.22
-191.64
-193.52
-195.40
-209.55
-209.70
-213.72
-214.88
-217.56
-250.00
-250.00
-250.00
-250.00
-250.00
-250.00
-250.00
-250.00
-250.00
-250.00
-250.00
-250.00
-250.00
-250.00
-250.00
-250.00
-250.00
-250.00
-250.00
-250.00
-250.00
-250.00
-250.00
-250.00
-250.00
-250.00
-250.00
-250.00
-250.00
-250.00
-250.00
-250.00
-250.00
-250.00
-250.00
-250.00
-250.00
-250.00
-250.00
-250.00
-250.00
-250.00
-250.00
-250.00
-250.00
-250.00
-250.00
-250.00
-250.00
-250.00
-113.66
-107.12
-100.23
-96.05
-98.35
-101.08
-117.03
-107.62
-117.56
-100.83
-98.22
-100.39
-109.04
-112.73
-106.36
-109.17
-128.88
-109.30
-104.71
-101.42
-101.92
-104.90
-111.50
-126.48
-112.25
-110.50
-105.20
-102.05
-99.98
-99.68
-100.12
-102.47
-107.00
-131.20
-147.41
-162.22
-180.82
-190.02
-204.70
-212.43
-211.10
-214.05
-216.52
-219.14
-250.00
-250.00
-250.00
-250.00
-250.00
-250.00
-250.00
-250.00
-250.00
-250.00
-250.00
-250.00
-250.00
-250.00
-250.00
-250.00
-250.00
-250.00
-250.00
-250.00
-250.00
-250.00
-250.00
-250.00
-250.00
-250.00
-250.00
-250.00
-250.00
-250.00
-250.00
-250.00
-250.00
-250.00
-250.00
-250.00
-250.00
-250.00
-250.00
-250.00
-250.00
-250.00
-250.00
-250.00
-250.00
-250.00
-250.00
-250.00
-250.00
-250.00
-111.87
-107.02
-104.94
-104.79
-103.41
-104.57
-115.03
-120.43
-119.61
-109.68
-102.64
-101.63
-106.14
-119.07
-113.10
-110.97
-113.91
-123.44
-119.47
-111.35
-107.94
-107.89
-110.31
-116.36
-138.89
-127.51
-114.79
-112.12
-109.78
-108.12
-107.82
-116.57
-127.80
-137.79
-148.65
-161.48
-172.64
-182.80
-198.52
-213.02
-212.95
-212.92
-215.01
-218.58
-250.00
-250.00
-250.00
-250.00
-250.00
-250.00
-250.00
-250.00
-250.00
-250.00
-250.00
-250.00
-250.00
-250.00
-250.00
-250.00
-250.00
-250.00
-250.00
-250.00
-250.00
-250.00
-250.00
-250.00
-250.00
-250.00
-250.00
-250.00
-250.00
-250.00
-250.00
-250.00
-250.00
-250.00
-250.00
-250.00
-250.00
-250.00
-250.00
-250.00
-250.00
-250.00
-250.00
-250.00
-250.00
-250.00
-250.00
-250.00
-250.00
-250.00
-120.57
-113.35
-108.34
-105.23
-103.93
-109.55
-115.05
-142.27
-125.63
-125.33
-112.77
-109.18
-108.81
-113.54
-127.73
-119.86
-117.80
-120.42
-129.22
-124.92
-116.51
-113.63
-113.66
-115.50
-120.31
-129.33
-161.39
-131.38
-126.61
-125.57
-126.65
-129.50
-133.95
-139.82
-150.43
-163.95
-174.70
-184.18
-194.83
-203.88
-209.78
-216.37
-218.37
-216.94
-250.00
-250.00
-250.00
-250.00
-250.00
-250.00
-250.00
-250.00
-250.00
-250.00
-250.00
-250.00
-250.00
-250.00
-250.00
-250.00
-250.00
-250.00
-250.00
-250.00
-250.00
-250.00
-250.00
-250.00
-250.00
-250.00
-250.00
-250.00
-250.00
-250.00
-250.00
-250.00
-250.00
-250.00
-250.00
-250.00
-250.00
-250.00
-250.00
-250.00
-250.00
-250.00
-250.00
-250.00
-250.00
-250.00
-250.00
-250.00
-250.00
-250.00
-125.04
-117.23
-113.45
-110.21
-108.73
-108.83
-117.54
-127.79
-132.36
-135.93
-124.48
-115.83
-114.14
-115.14
-119.88
-127.45
-129.24
-126.70
-131.16
-140.01
-130.08
-122.99
-120.73
-122.40
-125.33
-130.04
-136.06
-143.50
-153.41
-142.88
-141.44
-143.28
-147.11
-150.81
-157.12
-169.10
-178.21
-187.30
-193.29
-199.50
-206.01
-211.54
-217.08
-250.00
-250.00
-250.00
-250.00
-250.00
-250.00
-250.00
-250.00
-250.00
-250.00
-250.00
-250.00
-250.00
-250.00
-250.00
-250.00
-250.00
-250.00
-250.00
-250.00
-250.00
-250.00
-250.00
-250.00
-250.00
-250.00
-250.00
-250.00
-250.00
-250.00
-250.00
-250.00
-250.00
-250.00
-250.00
-250.00
-250.00
-250.00
-250.00
-250.00
-250.00
-250.00
-250.00
-250.00
-250.00
-250.00
-250.00
-250.00
-250.00
-250.00
-153.12
-129.46
-123.16
-119.21
-116.13
-114.17
-114.13
-115.77
-127.53
-149.55
-136.39
-148.75
-126.78
-120.81
-119.53
-121.10
-125.13
-135.06
-138.06
-137.67
-142.17
-151.71
-141.08
-137.54
-137.71
-138.74
-141.82
-146.06
-152.16
-158.94
-181.62
-167.12
-166.17
-166.99
-168.99
-173.63
-180.14
-189.44
-196.41
-203.86
-209.25
-214.81
-250.00
-250.00
-250.00
-250.00
-250.00
-250.00
-250.00
-250.00
-250.00
-250.00
-250.00
-250.00
-250.00
-250.00
-250.00
-250.00
-250.00
-250.00
-250.00
-250.00
-250.00
-250.00
-250.00
-250.00
-250.00
-250.00
-250.00
-250.00
-250.00
-250.00
-250.00
-250.00
-250.00
-250.00
-250.00
-250.00
-250.00
-250.00
-250.00
-250.00
-250.00
-250.00
-250.00
-250.00
-250.00
-250.00
-250.00
-250.00
-250.00
-250.00
-250.00
-250.00
-250.00
-133.58
-128.18
-124.57
-122.17
-120.51
-120.27
-121.19
-124.62
-140.70
-142.47
-146.98
-136.80
-127.87
-124.78
-124.76
-126.85
-133.72
-144.96
-148.33
-147.62
-152.93
-161.44
-151.79
-148.85
-148.64
-151.20
-155.18
-159.01
-163.09
-169.23
-179.44
-197.39
-186.08
-185.80
-189.36
-195.46
-200.97
-208.38
-214.69
-218.69
-250.00
-250.00
-250.00
-250.00
-250.00
-250.00
-250.00
-250.00
-250.00
-250.00
-250.00
-250.00
-250.00
-250.00
-250.00
-250.00
-250.00
-250.00
-250.00
-250.00
-250.00
-250.00
-250.00
-250.00
-250.00
-250.00
-250.00
-250.00
-250.00
-250.00
-250.00
-250.00
-250.00
-250.00
-250.00
-250.00
-250.00
-250.00
-250.00
-250.00
-250.00
-250.00
-250.00
-250.00
-250.00
-250.00
-250.00
-250.00
-250.00
-250.00
-250.00
-250.00
-250.00
-164.08
-139.53
-134.67
-130.57
-128.00
-126.87
-127.00
-127.85
-130.68
-136.36
-144.10
-146.16
-154.24
-136.73
-130.46
-129.57
-129.68
-134.73
-141.45
-155.38
-157.58
-155.45
-173.05
-164.61
-159.77
-160.28
-161.99
-165.14
-165.64
-171.89
-176.09
-182.45
-190.86
-203.34
-209.62
-204.03
-207.43
-210.20
-214.28
-219.34
-250.00
-250.00
-250.00
-250.00
-250.00
-250.00
-250.00
-250.00
-250.00
-250.00
-250.00
-250.00
-250.00
-250.00
-250.00
-250.00
-250.00
-250.00
-250.00
-250.00
-250.00
-250.00
-250.00
-250.00
-250.00
-250.00
-250.00
-250.00
-250.00
-250.00
-250.00
-250.00
-250.00
-250.00
-250.00
-250.00
-250.00
-250.00
-250.00
-250.00
-250.00
-250.00
-250.00
-250.00
-250.00
-250.00
-250.00
-250.00
-250.00
-250.00
-250.00
-250.00
-250.00
-250.00
-167.63
-144.42
-140.76
-136.89
-134.39
-133.54
-133.67
-134.76
-137.09
-143.62
-148.20
-147.77
-155.10
-148.61
-139.66
-137.39
-134.81
-139.35
-142.33
-148.84
-161.83
-162.89
-164.83
-167.69
-172.94
-176.03
-175.98
-176.12
-178.27
-180.39
-184.48
-187.78
-194.14
-203.94
-206.15
-228.63
-217.44
-219.42
-250.00
-250.00
-250.00
-250.00
-250.00
-250.00
-250.00
-250.00
-250.00
-250.00
-250.00
-250.00
-250.00
-250.00
-250.00
-250.00
-250.00
-250.00
-250.00
-250.00
-250.00
-250.00
-250.00
-250.00
-250.00
-250.00
-250.00
-250.00
-250.00
-250.00
-250.00
-250.00
-250.00
-250.00
-250.00
-250.00
-250.00
-250.00
-250.00
-250.00
-250.00
-250.00
-250.00
-250.00
-250.00
-250.00
-250.00
-250.00
-250.00
-250.00
-250.00
-250.00
-250.00
-250.00
-250.00
-250.00
-250.00
-150.07
-146.51
-141.96
-139.59
-138.84
-138.84
-139.82
-143.33
-149.33
-158.29
-154.09
-158.19
-174.92
-155.26
-145.95
-143.78
-146.42
-146.47
-151.20
-156.77
-165.12
-168.72
-173.71
-176.69
-185.57
-189.13
-198.31
-185.91
-185.90
-188.47
-196.14
-201.20
-202.87
-209.97
-218.05
-250.00
-250.00
-250.00
-250.00
-250.00
-250.00
-250.00
-250.00
-250.00
-250.00
-250.00
-250.00
-250.00
-250.00
-250.00
-250.00
-250.00
-250.00
-250.00
-250.00
-250.00
-250.00
-250.00
-250.00
-250.00
-250.00
-250.00
-250.00
-250.00
-250.00
-250.00
-250.00
-250.00
-250.00
-250.00
-250.00
-250.00
-250.00
-250.00
-250.00
-250.00
-250.00
-250.00
-250.00
-250.00
-250.00
-250.00
-250.00
-250.00
-250.00
-250.00
-250.00
-250.00
-250.00
-250.00
-250.00
-250.00
-250.00
-173.78
-155.01
-150.56
-146.27
-144.01
-142.30
-142.09
-142.65
-145.51
-150.43
-159.64
-165.07
-162.77
-166.91
-162.40
-157.34
-153.17
-154.61
-152.45
-154.70
-161.31
-170.93
-177.64
-175.24
-177.89
-182.24
-192.12
-193.91
-197.61
-197.18
-194.72
-195.54
-199.46
-204.49
-208.50
-214.93
-250.00
-250.00
-250.00
-250.00
-250.00
-250.00
-250.00
-250.00
-250.00
-250.00
-250.00
-250.00
-250.00
-250.00
-250.00
-250.00
-250.00
-250.00
-250.00
-250.00
-250.00
-250.00
-250.00
-250.00
-250.00
-250.00
-250.00
-250.00
-250.00
-250.00
-250.00
-250.00
-250.00
-250.00
-250.00
-250.00
-250.00
-250.00
-250.00
-250.00
-250.00
-250.00
-250.00
-250.00
-250.00
-250.00
-250.00
-250.00
-250.00
-250.00
-250.00
-250.00
-250.00
-250.00
-250.00
-250.00
-250.00
-250.00
-187.48
-158.77
-154.72
-150.64
-147.85
-145.50
-144.65
-144.91
-146.45
-149.60
-154.82
-164.97
-172.51
-167.69
-181.82
-164.82
-160.11
-157.93
-159.59
-159.98
-167.61
-177.14
-191.81
-184.46
-191.77
-193.11
-192.75
-192.48
-210.40
-217.09
-205.53
-204.98
-206.58
-209.47
-212.95
-217.20
-250.00
-250.00
-250.00
-250.00
-250.00
-250.00
-250.00
-250.00
-250.00
-250.00
-250.00
-250.00
-250.00
-250.00
-250.00
-250.00
-250.00
-250.00
-250.00
-250.00
-250.00
-250.00
-250.00
-250.00
-250.00
-250.00
-250.00
-250.00
-250.00
-250.00
-250.00
-250.00
-250.00
-250.00
-250.00
-250.00
-250.00
-250.00
-250.00
-250.00
-250.00
-250.00
-250.00
-250.00
-250.00
-250.00
-250.00
-250.00
-250.00
-250.00
-250.00
-250.00
-250.00
-250.00
-250.00
-250.00
-250.00
-250.00
-250.00
-164.88
-160.07
-156.73
-153.05
-150.62
-149.31
-149.54
-150.23
-152.18
-155.47
-162.00
-177.43
-173.85
-174.61
-186.05
-175.03
-166.41
-169.46
-164.63
-172.94
-181.96
-185.80
-193.64
-203.20
-189.78
-192.81
-203.98
-204.80
-207.55
-220.78
-214.98
-213.87
-215.24
-217.98
-250.00
-250.00
-250.00
-250.00
-250.00
-250.00
-250.00
-250.00
-250.00
-250.00
-250.00
-250.00
-250.00
-250.00
-250.00
-250.00
-250.00
-250.00
-250.00
-250.00
-250.00
-250.00
-250.00
-250.00
-250.00
-250.00
-250.00
-250.00
-250.00
-250.00
-250.00
-250.00
-250.00
-250.00
-250.00
-250.00
-250.00
-250.00
-250.00
-250.00
-250.00
-250.00
-250.00
-250.00
-250.00
-250.00
-250.00
-250.00
-250.00
-250.00
-250.00
-250.00
-250.00
-250.00
-250.00
-250.00
-250.00
-250.00
-250.00
-194.42
-170.53
-166.40
-163.49
-160.19
-157.39
-155.84
-155.37
-156.04
-157.30
-160.16
-164.40
-171.93
-189.06
-180.59
-184.73
-191.75
-180.00
-176.30
-174.94
-176.93
-183.60
-187.44
-198.74
-207.93
-206.89
-198.54
-198.77
-202.32
-211.78
-225.46
-250.00
-250.00
-250.00
-250.00
-250.00
-250.00
-250.00
-250.00
-250.00
-250.00
-250.00
-250.00
-250.00
-250.00
-250.00
-250.00
-250.00
-250.00
-250.00
-250.00
-250.00
-250.00
-250.00
-250.00
-250.00
-250.00
-250.00
-250.00
-250.00
-250.00
-250.00
-250.00
-250.00
-250.00
-250.00
-250.00
-250.00
-250.00
-250.00
-250.00
-250.00
-250.00
-250.00
-250.00
-250.00
-250.00
-250.00
-250.00
-250.00
-250.00
-250.00
-250.00
-250.00
-250.00
-250.00
-250.00
-250.00
-250.00
-250.00
-250.00
-250.00
-250.00
-250.00
-200.10
-174.77
-171.08
-168.15
-166.38
-164.75
-162.07
-161.12
-161.52
-163.50
-165.34
-169.60
-175.32
-185.22
-192.67
-188.87
-198.51
-190.44
-184.12
-183.49
-184.73
-187.73
-190.09
-193.74
-196.53
-205.96
-211.29
-212.57
-209.43
-214.04
-217.94
-250.00
-250.00
-250.00
-250.00
-250.00
-250.00
-250.00
-250.00
-250.00
-250.00
-250.00
-250.00
-250.00
-250.00
-250.00
-250.00
-250.00
-250.00
-250.00
-250.00
-250.00
-250.00
-250.00
-250.00
-250.00
-250.00
-250.00
-250.00
-250.00
-250.00
-250.00
-250.00
-250.00
-250.00
-250.00
-250.00
-250.00
-250.00
-250.00
-250.00
-250.00
-250.00
-250.00
-250.00
-250.00
-250.00
-250.00
-250.00
-250.00
-250.00
-250.00
-250.00
-250.00
-250.00
-250.00
-250.00
-250.00
-250.00
-250.00
-250.00
-250.00
-250.00
-250.00
-250.00
-179.77
-175.12
-173.01
-171.20
-169.68
-168.26
-166.74
-166.94
-168.08
-170.18
-173.30
-179.11
-187.56
-211.90
-197.32
-198.18
-204.38
-194.99
-191.72
-192.20
-193.67
-196.56
-197.40
-200.38
-202.23
-207.21
-250.00
-219.41
-250.00
-250.00
-250.00
-250.00
-250.00
-250.00
-250.00
-250.00
-250.00
-250.00
-250.00
-250.00
-250.00
-250.00
-250.00
-250.00
-250.00
-250.00
-250.00
-250.00
-250.00
-250.00
-250.00
-250.00
-250.00
-250.00
-250.00
-250.00
-250.00
-250.00
-250.00
-250.00
-250.00
-250.00
-250.00
-250.00
-250.00
-250.00
-250.00
-250.00
-250.00
-250.00
-250.00
-250.00
-250.00
-250.00
-250.00
-250.00
-250.00
-250.00
-250.00
-250.00
-250.00
-250.00
-250.00
-250.00
-250.00
-250.00
-250.00
-250.00
-250.00
-250.00
-250.00
-250.00
