-250.00
-250.00
-250.00
-250.00
-250.00
-250.00
-250.00
-250.00
-250.00
-250.00
-250.00
-250.00
-250.00
-250.00
-250.00
-250.00
-250.00
-250.00
-139.38
-129.97
-128.42
-128.66
-128.06
-128.17
-128.35
-129.17
-131.00
-132.94
-135.43
-138.86
-141.48
-144.06
-146.42
-149.25
-152.07
-161.22
-158.72
-162.47
-166.76
-171.03
-175.40
-250.00
-250.00
-250.00
-250.00
-250.00
-250.00
-250.00
-250.00
-250.00
-250.00
-250.00
-250.00
-250.00
-250.00
-250.00
-250.00
-250.00
-250.00
-250.00
-250.00
-250.00
-250.00
-250.00
-250.00
-250.00
-250.00
-250.00
-250.00
-250.00
-250.00
-250.00
-250.00
-250.00
-250.00
-250.00
-250.00
-250.00
-250.00
-250.00
-250.00
-250.00
-250.00
-250.00
-250.00
-250.00
-250.00
-250.00
-250.00
-250.00
-250.00
-250.00
-250.00
-250.00
-250.00
-250.00
-250.00
-250.00
-250.00
-250.00
-250.00
-250.00
-250.00
-250.00
-250.00
-250.00
-250.00
-250.00
-250.00
-250.00
-250.00
-138.28
-126.43
-125.47
-124.53
-123.71
-124.48
-124.23
-124.43
-125.45
-126.94
-129.10
-131.22
-134.96
-138.60
-142.24
-143.89
-147.07
-150.52
-153.78
-162.81
-169.11
-166.81
-171.28
-175.25
-180.55
-250.00
-250.00
-250.00
-250.00
-250.00
-250.00
-250.00
-250.00
-250.00
-250.00
-250.00
-250.00
-250.00
-250.00
-250.00
-250.00
-250.00
-250.00
-250.00
-250.00
-250.00
-250.00
-250.00
-250.00
-250.00
-250.00
-250.00
-250.00
-250.00
-250.00
-250.00
-250.00
-250.00
-250.00
-250.00
-250.00
-250.00
-250.00
-250.00
-250.00
-250.00
-250.00
-250.00
-250.00
-250.00
-250.00
-250.00
-250.00
-250.00
-250.00
-250.00
-250.00
-250.00
-250.00
-250.00
-250.00
-250.00
-250.00
-250.00
-250.00
-250.00
-250.00
-250.00
-250.00
-250.00
-250.00
-250.00
-250.00
-127.60
-122.50
-120.60
-120.86
-120.49
-120.32
-120.00
-120.30
-121.24
-122.29
-123.88
-126.02
-128.04
-130.82
-135.35
-138.72
-141.32
-144.78
-149.30
-153.60
-156.86
-165.52
-173.12
-171.42
-176.26
-181.65
-188.41
-250.00
-250.00
-250.00
-250.00
-250.00
-250.00
-250.00
-250.00
-250.00
-250.00
-250.00
-250.00
-250.00
-250.00
-250.00
-250.00
-250.00
-250.00
-250.00
-250.00
-250.00
-250.00
-250.00
-250.00
-250.00
-250.00
-250.00
-250.00
-250.00
-250.00
-250.00
-250.00
-250.00
-250.00
-250.00
-250.00
-250.00
-250.00
-250.00
-250.00
-250.00
-250.00
-250.00
-250.00
-250.00
-250.00
-250.00
-250.00
-250.00
-250.00
-250.00
-250.00
-250.00
-250.00
-250.00
-250.00
-250.00
-250.00
-250.00
-250.00
-250.00
-250.00
-250.00
-250.00
-250.00
-250.00
-139.77
-118.34
-116.28
-116.64
-115.89
-116.17
-116.37
-117.00
-117.33
-118.30
-119.94
-121.54
-123.58
-125.78
-128.16
-130.96
-135.52
-139.79
-143.95
-148.27
-152.43
-157.27
-162.69
-167.75
-180.41
-190.13
-188.07
-193.60
-201.75
-250.00
-250.00
-250.00
-250.00
-250.00
-250.00
-250.00
-250.00
-250.00
-250.00
-250.00
-250.00
-250.00
-250.00
-250.00
-250.00
-250.00
-250.00
-250.00
-250.00
-250.00
-250.00
-250.00
-250.00
-250.00
-250.00
-250.00
-250.00
-250.00
-250.00
-250.00
-250.00
-250.00
-250.00
-250.00
-250.00
-250.00
-250.00
-250.00
-250.00
-250.00
-250.00
-250.00
-250.00
-250.00
-250.00
-250.00
-250.00
-250.00
-250.00
-250.00
-250.00
-250.00
-250.00
-250.00
-250.00
-250.00
-250.00
-250.00
-250.00
-250.00
-250.00
-250.00
-250.00
-250.00
-115.71
-112.93
-111.73
-110.79
-111.80
-111.79
-112.75
-113.68
-115.17
-116.42
-117.96
-119.99
-122.13
-124.43
-126.89
-129.52
-133.47
-138.91
-143.05
-147.51
-153.28
-159.41
-163.55
-170.33
-178.93
-193.57
-203.90
-207.95
-208.28
-208.61
-250.00
-250.00
-250.00
-250.00
-250.00
-250.00
-250.00
-250.00
-250.00
-250.00
-250.00
-250.00
-250.00
-250.00
-250.00
-250.00
-250.00
-250.00
-250.00
-250.00
-250.00
-250.00
-250.00
-250.00
-250.00
-250.00
-250.00
-250.00
-250.00
-250.00
-250.00
-250.00
-250.00
-250.00
-250.00
-250.00
-250.00
-250.00
-250.00
-250.00
-250.00
-250.00
-250.00
-250.00
-250.00
-250.00
-250.00
-250.00
-250.00
-250.00
-250.00
-250.00
-250.00
-250.00
-250.00
-250.00
-250.00
-250.00
-250.00
-250.00
-250.00
-250.00
-250.00
-112.97
-110.33
-108.36
-106.20
-106.50
-106.40
-107.66
-108.97
-110.81
-112.75
-114.81
-116.93
-119.21
-121.55
-123.90
-126.59
-130.14
-134.04
-138.56
-143.09
-148.75
-155.73
-162.03
-168.79
-178.79
-191.35
-190.45
-193.09
-197.66
-197.66
-201.49
-250.00
-250.00
-250.00
-250.00
-250.00
-250.00
-250.00
-250.00
-250.00
-250.00
-250.00
-250.00
-250.00
-250.00
-250.00
-250.00
-250.00
-250.00
-250.00
-250.00
-250.00
-250.00
-250.00
-250.00
-250.00
-250.00
-250.00
-250.00
-250.00
-250.00
-250.00
-250.00
-250.00
-250.00
-250.00
-250.00
-250.00
-250.00
-250.00
-250.00
-250.00
-250.00
-250.00
-250.00
-250.00
-250.00
-250.00
-250.00
-250.00
-250.00
-250.00
-250.00
-250.00
-250.00
-250.00
-250.00
-250.00
-250.00
-250.00
-250.00
-250.00
-250.00
-111.26
-107.43
-105.09
-103.56
-102.74
-102.14
-102.24
-103.14
-105.30
-107.60
-110.24
-113.11
-116.10
-119.19
-122.20
-125.22
-127.79
-131.30
-136.05
-140.76
-146.84
-153.72
-161.40
-174.96
-176.90
-180.59
-180.80
-181.40
-185.28
-194.18
-196.21
-201.09
-205.85
-250.00
-250.00
-250.00
-250.00
-250.00
-250.00
-250.00
-250.00
-250.00
-250.00
-250.00
-250.00
-250.00
-250.00
-250.00
-250.00
-250.00
-250.00
-250.00
-250.00
-250.00
-250.00
-250.00
-250.00
-250.00
-250.00
-250.00
-250.00
-250.00
-250.00
-250.00
-250.00
-250.00
-250.00
-250.00
-250.00
-250.00
-250.00
-250.00
-250.00
-250.00
-250.00
-250.00
-250.00
-250.00
-250.00
-250.00
-250.00
-250.00
-250.00
-250.00
-250.00
-250.00
-250.00
-250.00
-250.00
-250.00
-250.00
-250.00
-250.00
-112.98
-103.26
-100.79
-99.51
-98.39
-98.01
-98.38
-99.22
-100.27
-102.31
-105.07
-108.03
-111.68
-115.48
-119.04
-123.51
-127.56
-132.05
-135.47
-141.12
-146.21
-154.29
-168.62
-170.09
-165.59
-167.81
-171.85
-178.40
-180.63
-185.43
-193.27
-203.79
-209.81
-215.78
-250.00
-250.00
-250.00
-250.00
-250.00
-250.00
-250.00
-250.00
-250.00
-250.00
-250.00
-250.00
-250.00
-250.00
-250.00
-250.00
-250.00
-250.00
-250.00
-250.00
-250.00
-250.00
-250.00
-250.00
-250.00
-250.00
-250.00
-250.00
-250.00
-250.00
-250.00
-250.00
-250.00
-250.00
-250.00
-250.00
-250.00
-250.00
-250.00
-250.00
-250.00
-250.00
-250.00
-250.00
-250.00
-250.00
-250.00
-250.00
-250.00
-250.00
-250.00
-250.00
-250.00
-250.00
-250.00
-250.00
-250.00
-250.00
-250.00
-250.00
-99.97
-97.53
-95.87
-94.42
-94.23
-94.21
-95.17
-96.45
-98.16
-100.54
-103.78
-107.23
-111.01
-116.07
-121.55
-127.03
-135.48
-140.54
-146.60
-149.14
-150.23
-152.99
-156.86
-157.34
-160.36
-164.16
-172.11
-178.74
-186.49
-192.36
-194.96
-197.56
-197.29
-193.60
-203.60
-208.43
-250.00
-250.00
-250.00
-250.00
-250.00
-250.00
-250.00
-250.00
-250.00
-250.00
-250.00
-250.00
-250.00
-250.00
-250.00
-250.00
-250.00
-250.00
-250.00
-250.00
-250.00
-250.00
-250.00
-250.00
-250.00
-250.00
-250.00
-250.00
-250.00
-250.00
-250.00
-250.00
-250.00
-250.00
-250.00
-250.00
-250.00
-250.00
-250.00
-250.00
-250.00
-250.00
-250.00
-250.00
-250.00
-250.00
-250.00
-250.00
-250.00
-250.00
-250.00
-250.00
-250.00
-250.00
-250.00
-250.00
-138.59
-97.52
-94.43
-92.31
-90.75
-89.88
-89.91
-91.01
-92.62
-94.60
-96.95
-99.91
-103.00
-106.98
-112.04
-119.16
-128.58
-152.05
-141.14
-136.47
-140.87
-141.84
-143.00
-149.13
-155.43
-158.01
-161.10
-173.61
-176.05
-178.50
-178.37
-175.59
-180.21
-180.80
-183.43
-200.84
-197.77
-202.56
-250.00
-250.00
-250.00
-250.00
-250.00
-250.00
-250.00
-250.00
-250.00
-250.00
-250.00
-250.00
-250.00
-250.00
-250.00
-250.00
-250.00
-250.00
-250.00
-250.00
-250.00
-250.00
-250.00
-250.00
-250.00
-250.00
-250.00
-250.00
-250.00
-250.00
-250.00
-250.00
-250.00
-250.00
-250.00
-250.00
-250.00
-250.00
-250.00
-250.00
-250.00
-250.00
-250.00
-250.00
-250.00
-250.00
-250.00
-250.00
-250.00
-250.00
-250.00
-250.00
-250.00
-250.00
-250.00
-250.00
-96.87
-92.62
-90.26
-88.45
-87.23
-86.67
-86.99
-88.61
-90.80
-93.93
-96.90
-101.38
-104.46
-110.01
-120.76
-127.61
-129.61
-128.08
-130.24
-131.86
-135.74
-141.67
-145.50
-157.45
-162.52
-162.30
-163.44
-165.87
-162.48
-170.85
-167.91
-169.98
-180.26
-177.20
-180.08
-195.47
-191.66
-196.04
-200.18
-250.00
-250.00
-250.00
-250.00
-250.00
-250.00
-250.00
-250.00
-250.00
-250.00
-250.00
-204.03
-204.28
-250.00
-250.00
-250.00
-250.00
-250.00
-250.00
-250.00
-250.00
-250.00
-250.00
-250.00
-250.00
-250.00
-250.00
-250.00
-250.00
-250.00
-250.00
-250.00
-250.00
-250.00
-250.00
-250.00
-250.00
-250.00
-250.00
-250.00
-250.00
-250.00
-250.00
-250.00
-250.00
-250.00
-250.00
-250.00
-250.00
-250.00
-250.00
-250.00
-250.00
-250.00
-94.79
-89.59
-86.76
-85.00
-84.53
-84.32
-84.59
-85.60
-87.29
-90.31
-94.34
-98.59
-105.23
-111.70
-122.18
-141.44
-126.84
-123.48
-126.55
-130.62
-139.61
-152.23
-145.38
-143.89
-141.24
-142.98
-145.97
-148.51
-150.29
-152.42
-159.17
-160.01
-163.89
-167.36
-182.31
-177.70
-181.12
-188.28
-192.75
-196.37
-200.66
-250.00
-250.00
-250.00
-250.00
-250.00
-250.00
-250.00
-250.00
-250.00
-203.81
-202.65
-203.27
-205.63
-250.00
-250.00
-250.00
-250.00
-250.00
-250.00
-250.00
-250.00
-250.00
-250.00
-250.00
-250.00
-250.00
-250.00
-250.00
-250.00
-250.00
-250.00
-250.00
-250.00
-250.00
-250.00
-250.00
-250.00
-250.00
-250.00
-250.00
-250.00
-250.00
-250.00
-250.00
-250.00
-250.00
-250.00
-250.00
-250.00
-250.00
-250.00
-250.00
-250.00
-88.88
-85.27
-82.49
-81.25
-81.46
-82.53
-84.25
-86.05
-88.08
-91.26
-96.43
-104.79
-114.60
-117.63
-115.76
-115.76
-118.66
-125.51
-135.92
-129.07
-129.73
-126.27
-127.04
-127.97
-131.20
-134.54
-139.66
-140.49
-144.33
-156.99
-155.40
-155.18
-159.57
-170.64
-174.15
-182.20
-187.97
-188.91
-191.36
-195.34
-199.19
-250.00
-250.00
-250.00
-250.00
-250.00
-250.00
-250.00
-250.00
-204.50
-203.33
-202.47
-203.48
-205.65
-207.77
-250.00
-250.00
-250.00
-250.00
-250.00
-250.00
-250.00
-250.00
-250.00
-250.00
-250.00
-250.00
-250.00
-250.00
-250.00
-250.00
-250.00
-250.00
-250.00
-250.00
-250.00
-250.00
-250.00
-250.00
-250.00
-250.00
-250.00
-250.00
-250.00
-250.00
-250.00
-250.00
-250.00
-250.00
-250.00
-250.00
-250.00
-250.00
-88.34
-83.07
-80.33
-78.20
-77.39
-78.42
-81.07
-84.35
-89.30
-93.45
-96.12
-100.81
-116.27
-112.45
-111.53
-113.58
-121.52
-134.91
-123.76
-120.51
-117.43
-119.63
-117.72
-120.00
-122.94
-125.83
-128.81
-134.99
-138.00
-142.77
-148.02
-151.11
-151.76
-159.44
-166.03
-172.13
-176.42
-182.81
-185.25
-187.67
-194.83
-198.69
-202.48
-250.00
-250.00
-250.00
-250.00
-250.00
-250.00
-250.00
-206.53
-205.72
-205.82
-207.10
-209.11
-250.00
-250.00
-250.00
-250.00
-250.00
-250.00
-250.00
-250.00
-250.00
-250.00
-250.00
-250.00
-250.00
-250.00
-250.00
-250.00
-250.00
-250.00
-250.00
-250.00
-250.00
-250.00
-250.00
-250.00
-250.00
-250.00
-250.00
-250.00
-250.00
-250.00
-250.00
-250.00
-250.00
-250.00
-250.00
-250.00
-250.00
-250.00
-87.71
-81.20
-77.87
-75.80
-75.39
-75.32
-76.78
-80.25
-88.08
-104.01
-101.58
-99.20
-103.92
-112.35
-114.36
-119.76
-115.43
-108.87
-108.35
-109.25
-108.91
-108.78
-113.15
-112.47
-115.43
-119.96
-122.94
-125.76
-130.34
-136.32
-142.40
-144.77
-151.01
-152.89
-158.78
-165.38
-169.54
-176.97
-182.78
-186.54
-188.89
-195.36
-199.13
-202.88
-250.00
-250.00
-250.00
-250.00
-250.00
-250.00
-250.00
-209.52
-209.92
-210.72
-212.13
-213.65
-250.00
-250.00
-250.00
-250.00
-250.00
-250.00
-250.00
-250.00
-250.00
-250.00
-250.00
-250.00
-250.00
-250.00
-250.00
-250.00
-250.00
-250.00
-250.00
-250.00
-250.00
-250.00
-250.00
-250.00
-250.00
-250.00
-250.00
-250.00
-250.00
-250.00
-250.00
-250.00
-250.00
-250.00
-250.00
-250.00
-250.00
-88.93
-80.32
-76.63
-74.03
-73.22
-73.83
-75.95
-79.34
-86.34
-88.84
-91.10
-91.33
-94.12
-101.92
-104.97
-102.54
-100.56
-101.81
-98.46
-98.86
-101.08
-102.45
-103.59
-107.75
-108.74
-111.71
-116.89
-121.30
-123.85
-129.06
-136.56
-141.86
-144.33
-151.99
-154.97
-159.07
-164.50
-167.86
-173.83
-177.94
-189.79
-190.23
-197.24
-201.50
-205.18
-208.39
-250.00
-250.00
-250.00
-250.00
-250.00
-250.00
-215.64
-216.78
-216.63
-216.89
-217.20
-250.00
-250.00
-250.00
-250.00
-250.00
-250.00
-250.00
-250.00
-250.00
-250.00
-250.00
-250.00
-250.00
-250.00
-250.00
-250.00
-250.00
-250.00
-250.00
-250.00
-250.00
-250.00
-250.00
-250.00
-250.00
-250.00
-250.00
-250.00
-250.00
-250.00
-250.00
-250.00
-250.00
-250.00
-250.00
-250.00
-250.00
-82.29
-76.90
-72.69
-71.33
-72.17
-74.67
-78.67
-85.34
-107.66
-99.11
-97.04
-101.11
-105.27
-101.46
-94.17
-91.43
-91.15
-93.13
-93.92
-94.73
-96.89
-98.96
-101.14
-103.68
-107.65
-110.03
-114.36
-120.25
-123.72
-128.60
-135.00
-140.85
-146.79
-156.59
-159.70
-161.90
-164.29
-167.27
-173.23
-179.67
-193.20
-192.67
-196.94
-205.74
-210.37
-214.48
-250.00
-250.00
-250.00
-250.00
-250.00
-250.00
-250.00
-216.91
-218.13
-219.35
-250.00
-250.00
-250.00
-250.00
-250.00
-250.00
-250.00
-250.00
-250.00
-250.00
-250.00
-250.00
-250.00
-250.00
-250.00
-250.00
-250.00
-250.00
-250.00
-250.00
-250.00
-250.00
-250.00
-250.00
-250.00
-250.00
-250.00
-250.00
-250.00
-250.00
-250.00
-250.00
-250.00
-250.00
-250.00
-250.00
-250.00
-84.31
-77.16
-72.72
-70.53
-70.93
-73.45
-79.16
-91.55
-110.28
-93.54
-96.69
-108.02
-94.48
-88.47
-86.59
-86.06
-86.91
-87.85
-89.23
-90.98
-93.45
-95.74
-98.18
-100.63
-102.53
-106.38
-112.01
-115.34
-119.27
-125.52
-134.43
-138.43
-140.76
-146.44
-155.22
-167.41
-165.17
-168.20
-171.27
-176.35
-183.84
-188.00
-196.95
-200.21
-214.71
-216.83
-216.33
-250.00
-250.00
-250.00
-250.00
-250.00
-250.00
-250.00
-250.00
-250.00
-250.00
-250.00
-250.00
-250.00
-250.00
-250.00
-250.00
-250.00
-250.00
-250.00
-250.00
-250.00
-250.00
-250.00
-250.00
-250.00
-250.00
-250.00
-250.00
-250.00
-250.00
-250.00
-250.00
-250.00
-250.00
-250.00
-250.00
-250.00
-250.00
-250.00
-250.00
-250.00
-250.00
-250.00
-250.00
-250.00
-250.00
-250.00
-78.96
-73.63
-70.55
-70.38
-73.00
-78.82
-90.68
-96.31
-93.37
-133.66
-91.48
-86.67
-83.25
-82.48
-82.19
-83.18
-84.69
-86.23
-88.74
-90.73
-93.44
-96.50
-99.47
-102.59
-106.38
-110.63
-113.71
-119.47
-129.21
-130.92
-139.16
-142.64
-152.99
-158.84
-162.07
-170.81
-169.87
-171.75
-176.26
-181.13
-187.03
-194.33
-203.83
-203.82
-212.26
-250.00
-250.00
-250.00
-250.00
-250.00
-250.00
-250.00
-250.00
-250.00
-250.00
-250.00
-250.00
-250.00
-250.00
-250.00
-250.00
-250.00
-250.00
-250.00
-250.00
-250.00
-250.00
-250.00
-250.00
-250.00
-250.00
-250.00
-250.00
-250.00
-250.00
-250.00
-250.00
-250.00
-250.00
-250.00
-250.00
-250.00
-250.00
-250.00
-250.00
-250.00
-250.00
-250.00
-250.00
-250.00
-250.00
-250.00
-250.00
-83.90
-75.67
-71.83
-70.76
-73.17
-79.19
-98.10
-93.52
-99.33
-96.67
-86.03
-81.40
-80.26
-79.56
-80.30
-81.50
-83.37
-85.02
-88.08
-91.80
-94.29
-99.63
-103.27
-103.18
-111.26
-122.74
-118.92
-121.18
-124.96
-131.17
-124.72
-127.36
-136.88
-141.85
-146.61
-151.57
-160.14
-164.88
-182.68
-183.05
-185.66
-193.54
-193.67
-196.62
-203.89
-209.62
-213.64
-218.08
-250.00
-250.00
-250.00
-250.00
-250.00
-250.00
-250.00
-250.00
-250.00
-250.00
-250.00
-250.00
-250.00
-250.00
-250.00
-250.00
-250.00
-250.00
-250.00
-250.00
-250.00
-250.00
-250.00
-250.00
-250.00
-250.00
-250.00
-250.00
-250.00
-250.00
-250.00
-250.00
-250.00
-250.00
-250.00
-250.00
-250.00
-250.00
-250.00
-250.00
-250.00
-250.00
-250.00
-250.00
-250.00
-126.45
-80.08
-73.82
-72.09
-73.83
-80.38
-102.69
-92.87
-106.08
-89.84
-81.38
-80.18
-79.52
-78.88
-80.81
-82.09
-86.19
-86.28
-92.67
-97.99
-105.08
-111.43
-119.63
-117.00
-115.64
-112.68
-109.87
-110.16
-112.13
-113.59
-116.70
-119.58
-123.72
-129.38
-134.40
-142.93
-149.43
-155.31
-159.09
-170.77
-177.68
-184.59
-189.10
-188.15
-192.71
-199.00
-203.48
-211.72
-215.67
-250.00
-250.00
-250.00
-250.00
-250.00
-250.00
-250.00
-250.00
-250.00
-250.00
-250.00
-250.00
-250.00
-250.00
-250.00
-250.00
-250.00
-250.00
-250.00
-250.00
-250.00
-250.00
-250.00
-250.00
-250.00
-250.00
-250.00
-250.00
-250.00
-250.00
-250.00
-250.00
-250.00
-250.00
-250.00
-250.00
-250.00
-250.00
-250.00
-250.00
-250.00
-250.00
-250.00
-250.00
-250.00
-86.89
-77.98
-75.50
-76.63
-82.54
-98.70
-98.28
-106.72
-87.81
-84.05
-81.77
-86.08
-82.86
-84.24
-86.16
-93.16
-94.25
-101.55
-112.79
-101.06
-97.50
-96.11
-98.45
-100.73
-102.27
-103.97
-105.02
-106.24
-107.86
-110.37
-113.64
-116.41
-120.81
-127.43
-134.16
-139.99
-146.26
-156.29
-164.25
-176.45
-180.48
-180.17
-185.95
-194.31
-197.44
-204.07
-206.22
-212.95
-216.69
-250.00
-250.00
-250.00
-250.00
-250.00
-250.00
-250.00
-250.00
-250.00
-250.00
-250.00
-250.00
-250.00
-250.00
-250.00
-250.00
-250.00
-250.00
-250.00
-250.00
-250.00
-250.00
-250.00
-250.00
-250.00
-250.00
-250.00
-250.00
-250.00
-250.00
-250.00
-250.00
-250.00
-250.00
-250.00
-250.00
-250.00
-250.00
-250.00
-250.00
-250.00
-250.00
-250.00
-250.00
-250.00
-86.64
-82.35
-85.41
-101.03
-88.32
-112.93
-128.70
-105.32
-79.05
-79.93
-83.69
-93.60
-94.57
-92.35
-104.50
-99.62
-100.64
-98.12
-94.97
-94.15
-93.93
-93.89
-95.66
-98.64
-102.40
-105.22
-108.68
-109.82
-111.09
-115.05
-121.01
-119.93
-120.51
-126.52
-137.12
-147.63
-153.02
-165.36
-172.12
-185.07
-193.63
-191.26
-188.46
-190.33
-193.12
-203.94
-216.53
-215.57
-250.00
-250.00
-250.00
-250.00
-250.00
-250.00
-250.00
-250.00
-250.00
-250.00
-250.00
-250.00
-250.00
-250.00
-250.00
-250.00
-250.00
-250.00
-250.00
-250.00
-250.00
-250.00
-250.00
-250.00
-250.00
-250.00
-250.00
-250.00
-250.00
-250.00
-250.00
-250.00
-250.00
-250.00
-250.00
-250.00
-250.00
-250.00
-250.00
-250.00
-250.00
-250.00
-250.00
-250.00
-250.00
-98.60
-98.03
-90.15
-81.01
-82.99
-97.07
-94.88
-78.65
-73.10
-76.51
-94.37
-88.92
-91.56
-109.53
-106.35
-100.28
-96.80
-96.65
-96.66
-96.15
-95.29
-95.13
-97.12
-99.85
-100.20
-102.43
-106.74
-116.47
-123.64
-118.15
-116.55
-122.10
-124.10
-131.34
-141.11
-147.59
-144.42
-149.88
-162.72
-170.44
-178.16
-185.84
-190.76
-194.22
-197.67
-196.79
-203.19
-218.56
-250.00
-250.00
-250.00
-250.00
-250.00
-250.00
-250.00
-250.00
-250.00
-250.00
-250.00
-250.00
-250.00
-250.00
-250.00
-250.00
-250.00
-250.00
-250.00
-250.00
-250.00
-250.00
-250.00
-250.00
-250.00
-250.00
-250.00
-250.00
-250.00
-250.00
-250.00
-250.00
-250.00
-250.00
-250.00
-250.00
-250.00
-250.00
-250.00
-250.00
-250.00
-250.00
-250.00
-250.00
-250.00
-250.00
-104.41
-83.98
-75.49
-74.29
-84.49
-87.75
-89.80
-72.25
-68.85
-73.18
-85.77
-86.91
-100.66
-90.49
-91.67
-96.98
-103.97
-109.23
-108.47
-101.59
-98.37
-98.48
-100.26
-102.42
-103.24
-103.38
-101.70
-99.66
-101.03
-100.53
-102.20
-107.68
-109.47
-113.36
-118.68
-124.55
-128.10
-139.26
-153.62
-164.29
-176.25
-181.90
-190.53
-194.92
-204.48
-206.39
-208.31
-214.75
-217.68
-250.00
-250.00
-250.00
-250.00
-250.00
-250.00
-250.00
-250.00
-250.00
-250.00
-250.00
-250.00
-250.00
-250.00
-250.00
-250.00
-250.00
-250.00
-250.00
-250.00
-250.00
-250.00
-250.00
-250.00
-250.00
-250.00
-250.00
-250.00
-250.00
-250.00
-250.00
-250.00
-250.00
-250.00
-250.00
-250.00
-250.00
-250.00
-250.00
-250.00
-250.00
-250.00
-250.00
-250.00
-250.00
-88.07
-75.92
-70.70
-73.40
-105.27
-84.38
-76.16
-67.32
-67.22
-73.31
-91.78
-85.00
-82.85
-82.70
-86.07
-92.19
-99.24
-99.78
-102.84
-102.30
-100.63
-100.76
-101.49
-108.66
-107.63
-102.38
-99.44
-98.79
-99.11
-98.70
-98.86
-100.60
-103.81
-105.97
-109.10
-116.36
-122.29
-132.73
-145.48
-159.08
-171.90
-180.66
-184.06
-193.11
-194.97
-201.10
-207.73
-208.88
-212.97
-218.52
-250.00
-250.00
-250.00
-250.00
-250.00
-250.00
-250.00
-250.00
-250.00
-250.00
-250.00
-250.00
-250.00
-250.00
-250.00
-250.00
-250.00
-250.00
-250.00
-250.00
-250.00
-250.00
-250.00
-250.00
-250.00
-250.00
-250.00
-250.00
-250.00
-250.00
-250.00
-250.00
-250.00
-250.00
-250.00
-250.00
-250.00
-250.00
-250.00
-250.00
-250.00
-250.00
-250.00
-107.38
-80.89
-72.04
-68.55
-73.81
-88.19
-98.34
-70.42
-64.89
-67.27
-75.94
-89.65
-78.67
-77.66
-80.89
-84.71
-98.58
-96.17
-93.29
-97.10
-92.98
-93.52
-95.85
-96.13
-99.01
-102.88
-107.13
-105.28
-100.45
-97.85
-96.85
-96.94
-98.57
-100.33
-102.38
-105.71
-110.97
-118.28
-128.41
-139.70
-156.21
-170.82
-176.53
-185.14
-193.69
-196.21
-201.11
-204.36
-207.10
-209.73
-213.57
-218.49
-250.00
-250.00
-250.00
-250.00
-250.00
-250.00
-250.00
-250.00
-250.00
-250.00
-250.00
-250.00
-250.00
-250.00
-250.00
-250.00
-250.00
-250.00
-250.00
-250.00
-250.00
-250.00
-250.00
-250.00
-250.00
-250.00
-250.00
-250.00
-250.00
-250.00
-250.00
-250.00
-250.00
-250.00
-250.00
-250.00
-250.00
-250.00
-250.00
-250.00
-250.00
-250.00
-90.64
-77.47
-69.60
-67.86
-74.76
-85.84
-87.74
-67.97
-64.41
-68.56
-78.06
-77.98
-75.27
-76.14
-80.96
-97.82
-87.10
-81.88
-84.30
-84.92
-84.58
-86.08
-87.97
-88.33
-91.23
-92.42
-94.09
-98.48
-102.85
-104.09
-100.76
-99.37
-99.12
-99.54
-100.95
-103.26
-107.14
-114.36
-121.25
-136.49
-155.00
-170.57
-178.26
-185.33
-187.05
-196.84
-205.53
-204.58
-207.28
-210.21
-213.32
-216.33
-250.00
-250.00
-250.00
-250.00
-250.00
-250.00
-250.00
-250.00
-250.00
-250.00
-250.00
-250.00
-250.00
-250.00
-250.00
-250.00
-250.00
-250.00
-250.00
-250.00
-250.00
-250.00
-250.00
-250.00
-250.00
-250.00
-250.00
-250.00
-250.00
-250.00
-250.00
-250.00
-250.00
-250.00
-250.00
-250.00
-250.00
-250.00
-250.00
-250.00
-250.00
-250.00
-86.80
-75.74
-69.12
-67.83
-74.42
-85.76
-88.57
-66.85
-64.69
-67.58
-77.36
-74.82
-73.81
-77.65
-90.34
-85.03
-79.09
-76.80
-76.61
-77.27
-78.98
-80.65
-80.76
-82.00
-84.09
-86.42
-88.67
-91.95
-97.35
-104.60
-103.34
-100.83
-100.27
-100.70
-101.65
-103.24
-106.39
-113.34
-119.28
-134.96
-155.89
-173.67
-181.86
-184.91
-187.97
-198.48
-200.84
-203.20
-208.09
-210.72
-213.19
-215.74
-250.00
-250.00
-250.00
-250.00
-250.00
-250.00
-250.00
-250.00
-250.00
-250.00
-250.00
-250.00
-250.00
-250.00
-250.00
-250.00
-250.00
-250.00
-250.00
-250.00
-250.00
-250.00
-250.00
-250.00
-250.00
-250.00
-250.00
-250.00
-250.00
-250.00
-250.00
-250.00
-250.00
-250.00
-250.00
-250.00
-250.00
-250.00
-250.00
-250.00
-250.00
-250.00
-86.00
-75.53
-69.31
-68.04
-75.97
-78.99
-97.05
-67.38
-64.83
-67.86
-86.07
-75.20
-73.52
-78.91
-94.86
-75.63
-73.82
-73.25
-73.59
-74.40
-75.08
-75.84
-77.58
-79.50
-80.88
-82.48
-84.08
-85.91
-89.46
-94.02
-98.94
-106.26
-107.60
-104.61
-104.21
-105.75
-108.35
-114.34
-120.92
-136.80
-158.59
-178.60
-188.30
-192.28
-196.27
-198.74
-206.77
-209.01
-209.35
-211.60
-213.92
-216.25
-250.00
-250.00
-250.00
-250.00
-250.00
-250.00
-250.00
-250.00
-250.00
-250.00
-250.00
-250.00
-250.00
-250.00
-250.00
-250.00
-250.00
-250.00
-250.00
-250.00
-250.00
-250.00
-250.00
-250.00
-250.00
-250.00
-250.00
-250.00
-250.00
-250.00
-250.00
-250.00
-250.00
-250.00
-250.00
-250.00
-250.00
-250.00
-250.00
-250.00
-250.00
-250.00
-85.24
-75.25
-70.08
-70.01
-79.12
-79.05
-83.33
-67.70
-65.47
-68.28
-80.20
-75.92
-73.60
-78.22
-106.54
-74.95
-73.40
-70.60
-71.40
-71.82
-72.86
-73.99
-75.46
-76.41
-77.94
-79.74
-81.36
-83.62
-86.92
-89.60
-91.65
-95.59
-105.16
-117.18
-115.07
-114.43
-117.53
-123.74
-146.32
-145.13
-191.34
-195.60
-195.28
-195.73
-199.65
-197.37
-205.24
-214.60
-215.71
-213.38
-215.39
-217.53
-250.00
-250.00
-250.00
-250.00
-250.00
-250.00
-250.00
-250.00
-250.00
-250.00
-250.00
-250.00
-250.00
-250.00
-250.00
-250.00
-250.00
-250.00
-250.00
-250.00
-250.00
-250.00
-250.00
-250.00
-250.00
-250.00
-250.00
-250.00
-250.00
-250.00
-250.00
-250.00
-250.00
-250.00
-250.00
-250.00
-250.00
-250.00
-250.00
-250.00
-250.00
-250.00
-84.25
-76.04
-71.29
-70.45
-75.04
-85.81
-82.50
-70.15
-67.46
-68.71
-76.57
-85.84
-74.81
-76.05
-86.14
-75.38
-74.08
-71.01
-71.35
-71.00
-71.49
-72.33
-73.58
-74.92
-76.63
-78.28
-79.31
-81.68
-83.85
-85.68
-88.89
-92.72
-98.85
-107.70
-121.70
-122.28
-120.31
-140.35
-127.50
-138.25
-173.19
-185.09
-200.75
-199.79
-202.46
-201.29
-205.96
-212.35
-215.81
-217.55
-218.66
-250.00
-250.00
-250.00
-250.00
-250.00
-250.00
-250.00
-250.00
-250.00
-250.00
-250.00
-250.00
-250.00
-250.00
-250.00
-250.00
-250.00
-250.00
-250.00
-250.00
-250.00
-250.00
-250.00
-250.00
-250.00
-250.00
-250.00
-250.00
-250.00
-250.00
-250.00
-250.00
-250.00
-250.00
-250.00
-250.00
-250.00
-250.00
-250.00
-250.00
-250.00
-250.00
-101.99
-85.39
-76.96
-72.11
-70.78
-73.91
-83.39
-82.45
-78.19
-70.24
-68.82
-74.03
-88.27
-77.02
-76.34
-82.78
-88.60
-77.82
-70.81
-71.27
-70.46
-71.07
-71.96
-73.23
-74.32
-75.71
-77.41
-79.34
-81.34
-83.44
-86.22
-90.11
-93.20
-98.30
-113.87
-111.50
-114.03
-123.81
-122.49
-121.38
-123.72
-153.90
-173.45
-185.52
-192.76
-197.95
-204.24
-209.43
-219.42
-250.00
-250.00
-250.00
-250.00
-250.00
-250.00
-250.00
-250.00
-250.00
-250.00
-250.00
-250.00
-250.00
-250.00
-250.00
-250.00
-250.00
-250.00
-250.00
-250.00
-250.00
-250.00
-250.00
-250.00
-250.00
-250.00
-250.00
-250.00
-250.00
-250.00
-250.00
-250.00
-250.00
-250.00
-250.00
-250.00
-250.00
-250.00
-250.00
-250.00
-250.00
-250.00
-250.00
-250.00
-250.00
-96.59
-86.36
-79.19
-75.26
-73.84
-77.69
-85.78
-80.06
-94.79
-72.94
-70.06
-73.03
-83.89
-81.31
-77.88
-80.70
-90.20
-78.20
-76.59
-71.42
-70.69
-71.08
-71.58
-72.73
-74.59
-76.89
-78.28
-79.95
-82.14
-84.49
-87.99
-92.47
-101.65
-100.75
-95.68
-100.25
-103.80
-105.42
-116.16
-132.60
-123.17
-137.62
-160.02
-181.82
-191.02
-197.72
-198.37
-204.19
-212.18
-215.79
-219.83
-250.00
-250.00
-250.00
-250.00
-250.00
-250.00
-250.00
-250.00
-250.00
-250.00
-250.00
-250.00
-250.00
-250.00
-250.00
-250.00
-250.00
-250.00
-250.00
-250.00
-250.00
-250.00
-250.00
-250.00
-250.00
-250.00
-250.00
-250.00
-250.00
-250.00
-250.00
-250.00
-250.00
-250.00
-250.00
-250.00
-250.00
-250.00
-250.00
-250.00
-250.00
-250.00
-250.00
-96.39
-88.23
-81.00
-77.14
-76.29
-79.42
-86.50
-81.89
-85.46
-76.75
-71.57
-72.58
-79.47
-100.96
-79.75
-79.30
-91.11
-86.02
-77.56
-74.91
-72.19
-71.74
-72.13
-73.68
-74.49
-76.20
-79.66
-83.54
-85.56
-87.85
-91.04
-97.87
-107.96
-94.71
-93.33
-92.56
-94.27
-99.03
-100.76
-107.54
-124.50
-132.06
-144.91
-176.27
-192.31
-192.90
-198.11
-201.55
-207.23
-209.62
-212.68
-215.76
-219.47
-250.00
-250.00
-250.00
-250.00
-250.00
-250.00
-250.00
-250.00
-250.00
-250.00
-250.00
-250.00
-250.00
-250.00
-250.00
-250.00
-250.00
-250.00
-250.00
-250.00
-250.00
-250.00
-250.00
-250.00
-250.00
-250.00
-250.00
-250.00
-250.00
-250.00
-250.00
-250.00
-250.00
-250.00
-250.00
-250.00
-250.00
-250.00
-250.00
-250.00
-250.00
-98.76
-89.55
-83.00
-78.29
-75.97
-76.70
-81.30
-87.24
-88.39
-79.63
-74.87
-73.68
-76.55
-87.86
-84.92
-81.33
-82.50
-94.40
-81.79
-76.98
-75.38
-73.56
-73.27
-73.83
-75.47
-76.65
-79.09
-82.10
-89.61
-101.51
-110.28
-108.68
-94.36
-91.63
-90.95
-90.89
-91.39
-92.64
-98.50
-101.04
-107.33
-118.00
-140.17
-162.34
-191.33
-196.02
-197.10
-200.69
-204.94
-207.22
-209.56
-211.75
-214.52
-218.41
-250.00
-250.00
-250.00
-250.00
-250.00
-250.00
-250.00
-250.00
-250.00
-250.00
-250.00
-250.00
-250.00
-250.00
-250.00
-250.00
-250.00
-250.00
-250.00
-250.00
-250.00
-250.00
-250.00
-250.00
-250.00
-250.00
-250.00
-250.00
-250.00
-250.00
-250.00
-250.00
-250.00
-250.00
-250.00
-250.00
-250.00
-250.00
-250.00
-250.00
-99.82
-91.72
-85.22
-80.26
-78.10
-78.07
-80.22
-86.42
-90.18
-86.36
-78.08
-75.96
-76.78
-81.36
-106.71
-84.73
-82.78
-85.78
-93.02
-83.80
-79.83
-76.06
-75.81
-75.66
-76.69
-78.39
-81.02
-82.23
-88.91
-93.81
-95.59
-90.39
-89.80
-88.49
-87.98
-88.15
-88.69
-89.41
-91.02
-95.03
-102.34
-112.58
-125.30
-148.82
-193.35
-193.38
-193.41
-197.51
-201.28
-205.73
-208.07
-210.00
-211.97
-215.23
-218.86
-250.00
-250.00
-250.00
-250.00
-250.00
-250.00
-250.00
-250.00
-250.00
-250.00
-250.00
-250.00
-250.00
-250.00
-250.00
-250.00
-250.00
-250.00
-250.00
-250.00
-250.00
-250.00
-250.00
-250.00
-250.00
-250.00
-250.00
-250.00
-250.00
-250.00
-250.00
-250.00
-250.00
-250.00
-250.00
-250.00
-250.00
-250.00
-250.00
-102.67
-94.14
-87.68
-84.72
-82.62
-83.18
-86.43
-88.72
-87.45
-93.34
-87.87
-79.82
-77.97
-79.84
-87.95
-96.26
-85.09
-85.52
-92.11
-91.07
-85.33
-80.19
-77.72
-77.57
-78.11
-79.16
-81.37
-87.54
-89.20
-91.85
-96.36
-95.46
-88.82
-86.73
-85.45
-85.63
-86.31
-87.12
-88.42
-92.26
-97.69
-105.01
-117.15
-138.34
-192.57
-203.81
-198.19
-195.74
-197.86
-204.30
-207.24
-209.58
-211.40
-214.25
-217.60
-250.00
-250.00
-250.00
-250.00
-250.00
-250.00
-250.00
-250.00
-250.00
-250.00
-250.00
-250.00
-250.00
-250.00
-250.00
-250.00
-250.00
-250.00
-250.00
-250.00
-250.00
-250.00
-250.00
-250.00
-250.00
-250.00
-250.00
-250.00
-250.00
-250.00
-250.00
-250.00
-250.00
-250.00
-250.00
-250.00
-250.00
-250.00
-250.00
-102.53
-95.76
-90.80
-88.12
-86.45
-87.78
-94.73
-96.43
-88.93
-90.83
-96.74
-83.08
-80.44
-80.98
-84.13
-104.71
-91.55
-87.38
-88.76
-99.61
-89.39
-84.63
-81.47
-80.50
-79.91
-80.44
-81.67
-84.67
-90.13
-91.62
-96.41
-97.31
-88.50
-88.40
-88.75
-87.40
-86.88
-85.58
-87.14
-90.69
-95.30
-100.72
-108.50
-116.89
-140.77
-193.67
-202.19
-197.96
-197.64
-199.73
-206.65
-209.29
-211.66
-214.16
-217.39
-250.00
-250.00
-250.00
-250.00
-250.00
-250.00
-250.00
-250.00
-250.00
-250.00
-250.00
-250.00
-250.00
-250.00
-250.00
-250.00
-250.00
-250.00
-250.00
-250.00
-250.00
-250.00
-250.00
-250.00
-250.00
-250.00
-250.00
-250.00
-250.00
-250.00
-250.00
-250.00
-250.00
-250.00
-250.00
-250.00
-250.00
-250.00
-250.00
-104.15
-97.22
-91.80
-88.28
-86.36
-86.21
-87.58
-91.28
-92.92
-93.00
-99.74
-90.78
-83.99
-82.44
-83.71
-89.72
-104.06
-93.70
-90.78
-95.77
-105.42
-91.56
-87.03
-83.63
-81.92
-82.13
-82.59
-84.15
-88.37
-92.48
-94.10
-102.48
-97.30
-91.85
-89.99
-87.09
-87.60
-88.88
-89.73
-90.00
-93.09
-97.05
-101.13
-107.54
-116.20
-169.77
-187.52
-202.12
-201.64
-197.80
-207.09
-209.46
-212.61
-215.44
-218.23
-250.00
-250.00
-250.00
-250.00
-250.00
-250.00
-250.00
-250.00
-250.00
-250.00
-250.00
-250.00
-250.00
-250.00
-250.00
-250.00
-250.00
-250.00
-250.00
-250.00
-250.00
-250.00
-250.00
-250.00
-250.00
-250.00
-250.00
-250.00
-250.00
-250.00
-250.00
-250.00
-250.00
-250.00
-250.00
-250.00
-250.00
-250.00
-250.00
-106.67
-100.26
-95.11
-90.12
-87.37
-86.13
-86.76
-89.14
-93.94
-98.99
-101.53
-95.97
-89.19
-86.07
-85.27
-87.88
-95.11
-112.46
-96.28
-94.77
-100.38
-101.41
-94.19
-87.71
-86.25
-84.96
-84.86
-85.31
-86.47
-90.03
-96.88
-108.40
-117.05
-96.37
-90.49
-90.62
-89.53
-88.83
-90.41
-92.03
-93.48
-94.95
-97.81
-102.18
-108.60
-146.98
-170.36
-185.48
-197.56
-204.39
-209.60
-209.72
-212.01
-216.54
-219.62
-250.00
-250.00
-250.00
-250.00
-250.00
-250.00
-250.00
-250.00
-250.00
-250.00
-250.00
-250.00
-250.00
-250.00
-250.00
-250.00
-250.00
-250.00
-250.00
-250.00
-250.00
-250.00
-250.00
-250.00
-250.00
-250.00
-250.00
-250.00
-250.00
-250.00
-250.00
-250.00
-250.00
-250.00
-250.00
-250.00
-250.00
-250.00
-250.00
-109.85
-103.42
-98.39
-94.90
-90.59
-88.75
-88.64
-90.38
-94.35
-102.10
-107.85
-101.35
-94.05
-89.08
-87.79
-89.32
-92.47
-102.97
-106.40
-98.88
-98.81
-102.13
-125.87
-97.38
-91.47
-88.83
-87.92
-88.29
-89.08
-90.23
-94.35
-104.95
-121.25
-103.21
-99.30
-96.99
-94.14
-93.13
-93.07
-94.46
-96.12
-98.46
-102.28
-107.55
-131.74
-152.24
-170.10
-184.02
-189.81
-199.70
-250.00
-212.98
-213.22
-216.92
-250.00
-250.00
-250.00
-250.00
-250.00
-250.00
-250.00
-250.00
-250.00
-250.00
-250.00
-250.00
-250.00
-250.00
-250.00
-250.00
-250.00
-250.00
-250.00
-250.00
-250.00
-250.00
-250.00
-250.00
-250.00
-250.00
-250.00
-250.00
-250.00
-250.00
-250.00
-250.00
-250.00
-250.00
-250.00
-250.00
-250.00
-250.00
-250.00
-250.00
-112.41
-106.22
-101.09
-97.48
-95.08
-93.40
-93.21
-94.33
-97.17
-101.53
-104.88
-110.21
-100.42
-93.67
-90.89
-90.95
-93.03
-98.07
-117.14
-102.68
-100.64
-102.05
-107.40
-116.49
-98.13
-93.99
-92.69
-92.74
-92.36
-92.83
-94.86
-98.29
-107.54
-117.91
-117.14
-104.40
-101.16
-99.18
-98.60
-99.40
-101.54
-104.37
-108.24
-135.26
-148.01
-160.71
-172.75
-184.66
-193.34
-199.57
-208.20
-250.00
-214.16
-217.21
-250.00
-250.00
-250.00
-250.00
-250.00
-250.00
-250.00
-250.00
-250.00
-250.00
-250.00
-250.00
-250.00
-250.00
-250.00
-250.00
-250.00
-250.00
-250.00
-250.00
-250.00
-250.00
-250.00
-250.00
-250.00
-250.00
-250.00
-250.00
-250.00
-250.00
-250.00
-250.00
-250.00
-250.00
-250.00
-250.00
-250.00
-250.00
-250.00
-250.00
-114.45
-108.91
-104.21
-100.75
-98.27
-96.90
-96.76
-100.88
-103.37
-105.17
-105.58
-107.50
-115.39
-100.69
-95.92
-94.03
-94.28
-97.12
-104.45
-111.89
-104.24
-103.69
-105.10
-112.76
-109.24
-101.16
-97.86
-97.24
-97.25
-97.82
-98.65
-100.38
-103.52
-120.00
-128.51
-114.94
-111.88
-111.12
-109.20
-108.87
-111.09
-126.60
-134.34
-145.29
-157.82
-170.35
-181.41
-189.77
-196.44
-201.54
-206.23
-211.83
-250.00
-250.00
-250.00
-250.00
-250.00
-250.00
-250.00
-250.00
-250.00
-250.00
-250.00
-250.00
-250.00
-250.00
-250.00
-250.00
-250.00
-250.00
-250.00
-250.00
-250.00
-250.00
-250.00
-250.00
-250.00
-250.00
-250.00
-250.00
-250.00
-250.00
-250.00
-250.00
-250.00
-250.00
-250.00
-250.00
-250.00
-250.00
-250.00
-250.00
-250.00
-250.00
-118.05
-112.52
-107.98
-103.94
-101.29
-99.76
-99.55
-100.61
-115.86
-116.14
-108.16
-107.76
-115.81
-110.29
-101.53
-97.80
-97.39
-99.21
-103.46
-115.48
-114.82
-108.22
-106.02
-108.38
-115.70
-116.65
-106.69
-105.96
-104.59
-103.80
-104.24
-105.73
-108.91
-113.68
-124.30
-132.90
-128.27
-120.50
-125.15
-127.49
-132.06
-139.04
-148.80
-157.61
-169.05
-178.32
-188.53
-196.20
-201.45
-206.46
-210.32
-214.43
-250.00
-250.00
-250.00
-250.00
-250.00
-250.00
-250.00
-250.00
-250.00
-250.00
-250.00
-250.00
-250.00
-250.00
-250.00
-250.00
-250.00
-250.00
-250.00
-250.00
-250.00
-250.00
-250.00
-250.00
-250.00
-250.00
-250.00
-250.00
-250.00
-250.00
-250.00
-250.00
-250.00
-250.00
-250.00
-250.00
-250.00
-250.00
-250.00
-250.00
-250.00
-250.00
-120.39
-115.51
-111.93
-107.33
-104.82
-102.72
-100.39
-102.20
-102.53
-112.71
-113.75
-110.91
-114.10
-128.38
-108.57
-102.57
-101.08
-101.84
-103.37
-108.36
-121.00
-116.50
-111.07
-110.55
-113.51
-121.48
-141.14
-121.60
-115.29
-112.74
-111.90
-112.26
-114.31
-117.65
-121.97
-129.99
-137.82
-165.40
-143.86
-143.79
-148.18
-156.77
-165.12
-171.56
-179.19
-187.99
-196.36
-205.35
-210.73
-213.69
-217.54
-250.00
-250.00
-250.00
-250.00
-250.00
-250.00
-250.00
-250.00
-250.00
-250.00
-250.00
-250.00
-250.00
-250.00
-250.00
-250.00
-250.00
-250.00
-250.00
-250.00
-250.00
-250.00
-250.00
-250.00
-250.00
-250.00
-250.00
-250.00
-250.00
-250.00
-250.00
-250.00
-250.00
-250.00
-250.00
-250.00
-250.00
-250.00
-250.00
-250.00
-250.00
-250.00
-250.00
-120.79
-114.54
-109.20
-105.67
-103.49
-101.85
-100.81
-101.22
-102.54
-106.08
-112.31
-116.57
-115.48
-121.26
-116.95
-107.69
-105.08
-102.74
-105.23
-106.60
-113.08
-129.82
-118.51
-114.99
-115.92
-118.26
-124.87
-135.98
-128.43
-121.80
-119.48
-118.90
-120.19
-123.70
-128.78
-134.36
-140.09
-148.06
-162.67
-168.59
-168.01
-170.99
-176.16
-182.59
-190.42
-199.01
-206.98
-215.21
-218.63
-250.00
-250.00
-250.00
-250.00
-250.00
-250.00
-250.00
-250.00
-250.00
-250.00
-250.00
-250.00
-250.00
-250.00
-250.00
-250.00
-250.00
-250.00
-250.00
-250.00
-250.00
-250.00
-250.00
-250.00
-250.00
-250.00
-250.00
-250.00
-250.00
-250.00
-250.00
-250.00
-250.00
-250.00
-250.00
-250.00
-250.00
-250.00
-250.00
-250.00
-250.00
-250.00
-250.00
-250.00
-250.00
-120.57
-116.19
-113.16
-111.92
-109.27
-107.24
-108.56
-108.50
-109.67
-112.23
-117.72
-133.46
-121.35
-123.91
-135.31
-115.11
-111.12
-109.40
-108.43
-108.74
-113.01
-119.26
-130.77
-125.74
-122.04
-124.30
-127.12
-131.94
-146.10
-134.22
-129.55
-126.98
-128.88
-132.97
-138.31
-144.42
-150.30
-156.35
-162.93
-172.80
-206.54
-188.36
-191.04
-195.91
-203.85
-208.75
-213.60
-219.25
-250.00
-250.00
-250.00
-250.00
-250.00
-250.00
-250.00
-250.00
-250.00
-250.00
-250.00
-250.00
-250.00
-250.00
-250.00
-250.00
-250.00
-250.00
-250.00
-250.00
-250.00
-250.00
-250.00
-250.00
-250.00
-250.00
-250.00
-250.00
-250.00
-250.00
-250.00
-250.00
-250.00
-250.00
-250.00
-250.00
-250.00
-250.00
-250.00
-250.00
-250.00
-250.00
-250.00
-250.00
-250.00
-250.00
-128.01
-122.03
-118.48
-115.33
-112.41
-110.25
-108.99
-108.25
-112.90
-114.72
-118.36
-124.84
-136.21
-133.03
-136.01
-126.86
-119.80
-115.58
-114.69
-114.18
-117.18
-119.92
-125.57
-132.20
-138.54
-134.60
-134.67
-137.82
-143.46
-156.22
-145.39
-142.42
-144.30
-146.39
-149.04
-153.14
-157.04
-162.06
-166.66
-173.13
-183.94
-200.30
-210.78
-209.42
-211.41
-214.37
-218.77
-250.00
-250.00
-250.00
-250.00
-250.00
-250.00
-250.00
-250.00
-250.00
-250.00
-250.00
-250.00
-250.00
-250.00
-250.00
-250.00
-250.00
-250.00
-250.00
-250.00
-250.00
-250.00
-250.00
-250.00
-250.00
-250.00
-250.00
-250.00
-250.00
-250.00
-250.00
-250.00
-250.00
-250.00
-250.00
-250.00
-250.00
-250.00
-250.00
-250.00
-250.00
-250.00
-250.00
-250.00
-250.00
-250.00
-250.00
-132.69
-126.38
-121.22
-118.89
-116.55
-114.69
-112.90
-112.32
-112.39
-113.73
-121.25
-126.95
-142.20
-137.27
-135.25
-150.13
-131.35
-125.65
-121.62
-120.17
-121.38
-123.01
-127.00
-133.14
-141.81
-151.15
-146.91
-146.91
-149.58
-156.66
-161.48
-155.00
-153.79
-155.17
-157.69
-162.20
-166.18
-170.54
-175.84
-181.39
-191.61
-199.60
-209.99
-250.00
-250.00
-250.00
-250.00
-250.00
-250.00
-250.00
-250.00
-250.00
-250.00
-250.00
-250.00
-250.00
-250.00
-250.00
-250.00
-250.00
-250.00
-250.00
-250.00
-250.00
-250.00
-250.00
-250.00
-250.00
-250.00
-250.00
-250.00
-250.00
-250.00
-250.00
-250.00
-250.00
-250.00
-250.00
-250.00
-250.00
-250.00
-250.00
-250.00
-250.00
-250.00
-250.00
-250.00
-250.00
-250.00
-250.00
-250.00
-250.00
-250.00
-250.00
-136.60
-130.05
-125.83
-123.29
-120.81
-119.08
-117.85
-116.83
-116.86
-117.79
-119.97
-122.71
-140.08
-148.63
-140.23
-145.30
-146.95
-134.53
-129.33
-126.90
-127.38
-127.96
-131.64
-136.23
-141.76
-150.13
-164.66
-157.32
-156.43
-159.29
-169.26
-172.86
-165.43
-166.31
-168.66
-172.80
-177.33
-179.58
-183.18
-187.78
-195.24
-199.05
-207.10
-217.27
-250.00
-250.00
-250.00
-250.00
-250.00
-250.00
-250.00
-250.00
-250.00
-250.00
-250.00
-250.00
-250.00
-250.00
-250.00
-250.00
-250.00
-250.00
-250.00
-250.00
-250.00
-250.00
-250.00
-250.00
-250.00
-250.00
-250.00
-250.00
-250.00
-250.00
-250.00
-250.00
-250.00
-250.00
-250.00
-250.00
-250.00
-250.00
-250.00
-250.00
-250.00
-250.00
-250.00
-250.00
-250.00
-250.00
-250.00
-250.00
-250.00
-250.00
-139.12
-134.26
-130.21
-127.65
-125.59
-123.91
-122.80
-121.96
-122.08
-123.04
-124.69
-127.56
-132.03
-138.26
-148.25
-146.52
-162.70
-142.05
-136.66
-133.27
-133.45
-133.39
-137.09
-140.58
-144.25
-150.07
-159.28
-169.76
-163.92
-164.84
-168.75
-174.54
-192.71
-183.47
-185.04
-185.55
-185.29
-186.94
-189.06
-192.81
-197.22
-201.42
-207.44
-215.09
-250.00
-250.00
-250.00
-250.00
-250.00
-250.00
-250.00
-250.00
-250.00
-250.00
-250.00
-250.00
-250.00
-250.00
-250.00
-250.00
-250.00
-250.00
-250.00
-250.00
-250.00
-250.00
-250.00
-250.00
-250.00
-250.00
-250.00
-250.00
-250.00
-250.00
-250.00
-250.00
-250.00
-250.00
-250.00
-250.00
-250.00
-250.00
-250.00
-250.00
-250.00
-250.00
-250.00
-250.00
-250.00
-250.00
-250.00
-250.00
-250.00
-250.00
