-250.00
-250.00
-250.00
-250.00
-250.00
-250.00
-250.00
-250.00
-250.00
-250.00
-250.00
-250.00
-250.00
-250.00
-250.00
-250.00
-250.00
-137.99
-124.63
-122.82
-123.69
-123.07
-122.51
-122.53
-122.38
-122.92
-123.70
-124.86
-126.67
-129.07
-131.56
-134.59
-138.68
-141.02
-144.20
-147.57
-150.88
-154.64
-163.86
-169.82
-167.82
-171.98
-176.31
-181.67
-250.00
-250.00
-250.00
-250.00
-250.00
-250.00
-250.00
-250.00
-250.00
-250.00
-250.00
-250.00
-250.00
-250.00
-250.00
-250.00
-250.00
-250.00
-250.00
-250.00
-250.00
-250.00
-250.00
-250.00
-250.00
-250.00
-250.00
-250.00
-250.00
-250.00
-250.00
-250.00
-250.00
-250.00
-250.00
-250.00
-250.00
-250.00
-250.00
-250.00
-250.00
-250.00
-250.00
-250.00
-250.00
-250.00
-250.00
-250.00
-250.00
-250.00
-250.00
-250.00
-250.00
-250.00
-250.00
-250.00
-250.00
-250.00
-250.00
-250.00
-250.00
-250.00
-250.00
-250.00
-250.00
-250.00
-250.00
-121.14
-119.62
-119.22
-118.30
-119.23
-119.32
-119.09
-119.31
-119.94
-120.99
-122.43
-124.14
-126.22
-128.54
-131.94
-134.99
-138.57
-141.14
-145.52
-150.62
-154.03
-157.97
-167.00
-173.80
-172.63
-177.71
-183.06
-189.38
-250.00
-250.00
-250.00
-250.00
-250.00
-250.00
-250.00
-250.00
-250.00
-250.00
-250.00
-250.00
-250.00
-250.00
-250.00
-250.00
-250.00
-250.00
-250.00
-250.00
-250.00
-250.00
-250.00
-250.00
-250.00
-250.00
-250.00
-250.00
-250.00
-250.00
-250.00
-250.00
-250.00
-250.00
-250.00
-250.00
-250.00
-250.00
-250.00
-250.00
-250.00
-250.00
-250.00
-250.00
-250.00
-250.00
-250.00
-250.00
-250.00
-250.00
-250.00
-250.00
-250.00
-250.00
-250.00
-250.00
-250.00
-250.00
-250.00
-250.00
-250.00
-250.00
-250.00
-250.00
-250.00
-118.62
-116.32
-114.85
-114.12
-114.07
-114.40
-114.76
-116.20
-116.59
-117.55
-118.95
-120.38
-122.18
-124.35
-126.63
-129.09
-132.24
-136.88
-141.17
-145.48
-148.52
-153.80
-158.89
-163.82
-168.72
-181.69
-192.33
-189.37
-194.57
-202.39
-250.00
-250.00
-250.00
-250.00
-250.00
-250.00
-250.00
-250.00
-250.00
-250.00
-250.00
-250.00
-250.00
-250.00
-250.00
-250.00
-250.00
-250.00
-250.00
-250.00
-250.00
-250.00
-250.00
-250.00
-250.00
-250.00
-250.00
-250.00
-250.00
-250.00
-250.00
-250.00
-250.00
-250.00
-250.00
-250.00
-250.00
-250.00
-250.00
-250.00
-250.00
-250.00
-250.00
-250.00
-250.00
-250.00
-250.00
-250.00
-250.00
-250.00
-250.00
-250.00
-250.00
-250.00
-250.00
-250.00
-250.00
-250.00
-250.00
-250.00
-250.00
-250.00
-250.00
-116.85
-112.35
-110.39
-110.34
-109.58
-109.77
-110.48
-111.41
-112.39
-114.40
-115.71
-117.20
-119.04
-120.95
-123.12
-125.53
-127.95
-130.88
-135.36
-140.59
-144.52
-148.89
-154.80
-160.14
-164.81
-171.61
-181.29
-195.26
-204.05
-206.42
-208.09
-209.76
-250.00
-250.00
-250.00
-250.00
-250.00
-250.00
-250.00
-250.00
-250.00
-250.00
-250.00
-250.00
-250.00
-250.00
-250.00
-250.00
-250.00
-250.00
-250.00
-250.00
-250.00
-250.00
-250.00
-250.00
-250.00
-250.00
-250.00
-250.00
-250.00
-250.00
-250.00
-250.00
-250.00
-250.00
-250.00
-250.00
-250.00
-250.00
-250.00
-250.00
-250.00
-250.00
-250.00
-250.00
-250.00
-250.00
-250.00
-250.00
-250.00
-250.00
-250.00
-250.00
-250.00
-250.00
-250.00
-250.00
-250.00
-250.00
-250.00
-250.00
-250.00
-160.79
-110.84
-108.44
-106.94
-105.59
-105.43
-105.33
-106.16
-107.70
-109.62
-111.65
-113.94
-116.08
-118.30
-120.63
-122.65
-125.34
-128.17
-131.41
-135.77
-139.66
-144.78
-150.67
-157.61
-163.54
-171.75
-180.30
-192.21
-191.74
-194.50
-194.42
-198.83
-202.20
-250.00
-250.00
-250.00
-250.00
-250.00
-250.00
-250.00
-250.00
-250.00
-250.00
-250.00
-250.00
-250.00
-250.00
-250.00
-250.00
-250.00
-250.00
-250.00
-250.00
-250.00
-250.00
-250.00
-250.00
-250.00
-250.00
-250.00
-250.00
-250.00
-250.00
-250.00
-250.00
-250.00
-250.00
-250.00
-250.00
-250.00
-250.00
-250.00
-250.00
-250.00
-250.00
-250.00
-250.00
-250.00
-250.00
-250.00
-250.00
-250.00
-250.00
-250.00
-250.00
-250.00
-250.00
-250.00
-250.00
-250.00
-250.00
-250.00
-250.00
-250.00
-107.17
-104.93
-103.27
-103.05
-102.07
-101.54
-101.61
-102.47
-104.35
-106.66
-109.04
-111.91
-114.70
-117.71
-120.82
-124.23
-126.53
-129.51
-133.25
-137.90
-142.71
-148.93
-155.31
-163.26
-177.37
-177.48
-181.19
-181.57
-182.44
-186.63
-195.33
-196.66
-201.31
-205.78
-250.00
-250.00
-250.00
-250.00
-250.00
-250.00
-250.00
-250.00
-250.00
-250.00
-250.00
-250.00
-250.00
-250.00
-250.00
-250.00
-250.00
-250.00
-250.00
-250.00
-250.00
-250.00
-250.00
-250.00
-250.00
-250.00
-250.00
-250.00
-250.00
-250.00
-250.00
-250.00
-250.00
-250.00
-250.00
-250.00
-250.00
-250.00
-250.00
-250.00
-250.00
-250.00
-250.00
-250.00
-250.00
-250.00
-250.00
-250.00
-250.00
-250.00
-250.00
-250.00
-250.00
-250.00
-250.00
-250.00
-250.00
-250.00
-250.00
-104.18
-101.79
-99.57
-98.30
-97.90
-97.77
-98.11
-98.67
-99.96
-101.83
-104.36
-106.93
-110.34
-114.15
-117.21
-121.24
-125.76
-130.67
-133.80
-137.63
-142.90
-148.20
-156.95
-170.31
-170.40
-166.24
-169.08
-173.00
-179.69
-181.20
-186.40
-193.11
-204.48
-205.40
-210.90
-219.82
-250.00
-250.00
-250.00
-250.00
-250.00
-250.00
-250.00
-250.00
-250.00
-250.00
-250.00
-250.00
-250.00
-250.00
-250.00
-250.00
-250.00
-250.00
-250.00
-250.00
-250.00
-250.00
-250.00
-250.00
-250.00
-250.00
-250.00
-250.00
-250.00
-250.00
-250.00
-250.00
-250.00
-250.00
-250.00
-250.00
-250.00
-250.00
-250.00
-250.00
-250.00
-250.00
-250.00
-250.00
-250.00
-250.00
-250.00
-250.00
-250.00
-250.00
-250.00
-250.00
-250.00
-250.00
-250.00
-250.00
-250.00
-101.36
-98.12
-96.26
-94.37
-93.90
-94.00
-94.13
-94.94
-96.34
-97.95
-100.12
-102.99
-106.37
-109.37
-113.99
-119.36
-123.71
-129.88
-139.73
-142.74
-148.92
-149.58
-152.77
-154.22
-157.81
-159.32
-161.27
-166.50
-173.22
-178.41
-185.15
-190.40
-250.00
-204.03
-200.79
-204.01
-207.22
-210.65
-250.00
-250.00
-250.00
-250.00
-250.00
-250.00
-250.00
-250.00
-250.00
-250.00
-205.28
-204.47
-250.00
-250.00
-250.00
-250.00
-250.00
-250.00
-250.00
-250.00
-250.00
-250.00
-250.00
-250.00
-250.00
-250.00
-250.00
-250.00
-250.00
-250.00
-250.00
-250.00
-250.00
-250.00
-250.00
-250.00
-250.00
-250.00
-250.00
-250.00
-250.00
-250.00
-250.00
-250.00
-250.00
-250.00
-250.00
-250.00
-250.00
-250.00
-250.00
-250.00
-250.00
-250.00
-250.00
-100.57
-95.47
-93.53
-91.32
-90.52
-90.04
-90.16
-91.13
-92.71
-94.59
-96.84
-99.67
-102.20
-105.73
-110.06
-115.75
-123.69
-134.11
-161.78
-138.87
-138.21
-141.80
-142.54
-144.97
-150.94
-155.15
-157.92
-163.23
-169.47
-182.58
-185.90
-186.29
-180.83
-178.34
-180.88
-183.42
-190.13
-199.08
-204.04
-206.65
-250.00
-250.00
-250.00
-250.00
-250.00
-250.00
-250.00
-204.35
-202.29
-200.51
-200.13
-202.87
-250.00
-250.00
-250.00
-250.00
-250.00
-250.00
-250.00
-250.00
-250.00
-250.00
-250.00
-250.00
-250.00
-250.00
-250.00
-250.00
-250.00
-250.00
-250.00
-250.00
-250.00
-250.00
-250.00
-250.00
-250.00
-250.00
-250.00
-250.00
-250.00
-250.00
-250.00
-250.00
-250.00
-250.00
-250.00
-250.00
-250.00
-250.00
-250.00
-250.00
-250.00
-111.36
-93.98
-91.74
-89.70
-88.66
-87.62
-87.34
-87.55
-89.06
-91.04
-93.80
-96.64
-100.56
-103.22
-107.91
-116.67
-122.90
-136.30
-129.83
-129.53
-131.98
-132.86
-137.42
-141.67
-146.00
-157.10
-165.72
-174.74
-179.28
-169.17
-166.35
-167.38
-168.41
-175.96
-176.69
-178.66
-180.63
-185.32
-193.39
-197.24
-199.79
-202.37
-250.00
-250.00
-250.00
-250.00
-250.00
-202.38
-200.81
-212.65
-198.35
-198.31
-200.71
-203.08
-250.00
-250.00
-250.00
-250.00
-250.00
-250.00
-250.00
-250.00
-250.00
-250.00
-250.00
-250.00
-250.00
-250.00
-250.00
-250.00
-250.00
-250.00
-250.00
-250.00
-250.00
-250.00
-250.00
-250.00
-250.00
-250.00
-250.00
-250.00
-250.00
-250.00
-250.00
-250.00
-250.00
-250.00
-250.00
-250.00
-250.00
-250.00
-250.00
-250.00
-91.79
-89.47
-86.28
-85.09
-84.92
-84.94
-85.23
-86.28
-87.80
-90.56
-93.87
-97.77
-103.06
-110.89
-114.99
-131.36
-158.17
-125.19
-124.46
-127.05
-132.35
-137.80
-161.64
-149.32
-148.81
-145.05
-145.62
-147.99
-150.93
-153.51
-155.92
-163.50
-162.63
-173.89
-172.22
-183.55
-183.83
-181.91
-185.32
-193.04
-195.59
-199.49
-203.64
-250.00
-250.00
-203.13
-201.29
-199.87
-198.72
-197.55
-196.55
-197.01
-199.44
-201.77
-203.97
-206.02
-250.00
-250.00
-250.00
-250.00
-250.00
-250.00
-250.00
-250.00
-250.00
-250.00
-250.00
-250.00
-250.00
-250.00
-250.00
-250.00
-250.00
-250.00
-250.00
-250.00
-250.00
-250.00
-250.00
-250.00
-250.00
-250.00
-250.00
-250.00
-250.00
-250.00
-250.00
-250.00
-250.00
-250.00
-250.00
-250.00
-250.00
-91.94
-87.40
-84.52
-82.95
-82.08
-82.23
-83.35
-84.96
-86.57
-88.47
-91.04
-95.25
-102.07
-109.84
-120.21
-119.39
-116.73
-117.98
-121.17
-129.26
-160.13
-140.56
-133.40
-129.61
-130.64
-131.68
-134.42
-137.41
-142.24
-143.82
-148.64
-157.67
-154.64
-158.02
-162.56
-176.55
-176.74
-176.92
-184.79
-193.51
-191.05
-194.49
-211.56
-201.73
-250.00
-202.07
-200.59
-199.36
-198.33
-197.41
-196.46
-195.64
-196.43
-198.74
-200.93
-203.07
-205.09
-207.55
-250.00
-250.00
-250.00
-250.00
-250.00
-250.00
-250.00
-250.00
-250.00
-250.00
-250.00
-250.00
-250.00
-250.00
-250.00
-250.00
-250.00
-250.00
-250.00
-250.00
-250.00
-250.00
-250.00
-250.00
-250.00
-250.00
-250.00
-250.00
-250.00
-250.00
-250.00
-250.00
-250.00
-250.00
-250.00
-90.26
-85.94
-82.61
-80.61
-78.73
-78.39
-79.64
-82.15
-85.01
-89.93
-92.53
-94.70
-101.01
-106.47
-115.10
-111.96
-112.76
-115.22
-123.38
-127.32
-123.82
-121.60
-121.63
-121.35
-120.52
-123.39
-125.96
-128.26
-131.88
-137.61
-140.66
-146.50
-148.63
-151.80
-154.07
-163.52
-169.49
-175.41
-178.33
-184.83
-185.77
-187.67
-193.70
-197.27
-200.91
-202.16
-200.88
-199.74
-198.72
-198.19
-197.35
-196.61
-195.94
-197.09
-199.39
-201.65
-203.71
-206.12
-209.12
-250.00
-250.00
-250.00
-250.00
-250.00
-250.00
-250.00
-250.00
-250.00
-250.00
-250.00
-250.00
-250.00
-250.00
-250.00
-250.00
-250.00
-250.00
-250.00
-250.00
-250.00
-250.00
-250.00
-250.00
-250.00
-250.00
-250.00
-250.00
-250.00
-250.00
-250.00
-250.00
-250.00
-250.00
-91.62
-85.30
-80.86
-78.33
-77.01
-76.11
-76.48
-78.02
-81.35
-87.55
-96.57
-100.99
-101.15
-104.59
-113.37
-114.22
-116.53
-120.05
-121.36
-113.32
-115.47
-112.93
-112.15
-113.84
-114.92
-114.58
-118.57
-122.74
-124.53
-127.83
-132.72
-139.27
-143.91
-146.33
-151.69
-153.96
-161.77
-166.35
-171.84
-175.22
-182.18
-185.76
-187.75
-193.78
-197.38
-200.99
-201.98
-200.95
-200.20
-200.49
-200.54
-199.83
-199.11
-199.34
-200.85
-203.30
-205.75
-207.53
-209.53
-211.92
-250.00
-250.00
-250.00
-250.00
-250.00
-250.00
-250.00
-250.00
-250.00
-250.00
-250.00
-250.00
-250.00
-250.00
-250.00
-250.00
-250.00
-250.00
-250.00
-250.00
-250.00
-250.00
-250.00
-250.00
-250.00
-250.00
-250.00
-250.00
-250.00
-250.00
-250.00
-250.00
-250.00
-250.00
-85.29
-79.47
-76.09
-74.88
-74.26
-75.70
-76.52
-78.02
-82.19
-88.62
-95.89
-93.98
-95.08
-100.16
-108.40
-113.32
-107.24
-105.88
-104.16
-101.86
-103.54
-104.31
-105.48
-107.43
-111.24
-111.04
-114.34
-120.10
-123.43
-125.23
-130.72
-139.05
-142.78
-144.12
-151.97
-155.40
-161.10
-165.82
-169.77
-176.59
-183.71
-186.45
-189.09
-194.87
-198.72
-202.27
-203.21
-202.71
-203.31
-203.96
-203.92
-203.26
-203.54
-204.14
-205.83
-208.51
-210.46
-211.89
-214.34
-217.93
-250.00
-250.00
-250.00
-250.00
-250.00
-250.00
-250.00
-250.00
-250.00
-250.00
-250.00
-250.00
-250.00
-250.00
-250.00
-250.00
-250.00
-250.00
-250.00
-250.00
-250.00
-250.00
-250.00
-250.00
-250.00
-250.00
-250.00
-250.00
-250.00
-250.00
-250.00
-250.00
-250.00
-85.65
-80.10
-75.80
-73.57
-72.67
-73.57
-75.63
-79.51
-83.98
-85.26
-90.97
-90.83
-91.55
-94.60
-103.76
-101.43
-96.28
-94.85
-95.53
-96.35
-95.92
-97.70
-99.34
-101.18
-102.95
-107.03
-108.58
-112.02
-117.30
-121.70
-124.16
-129.72
-137.88
-142.79
-145.77
-156.10
-156.84
-161.52
-165.05
-168.35
-174.12
-178.09
-192.25
-191.41
-193.77
-201.30
-205.41
-206.28
-207.08
-207.93
-208.80
-208.90
-209.43
-210.17
-211.00
-212.74
-214.34
-215.61
-216.80
-217.53
-217.54
-250.00
-250.00
-250.00
-250.00
-250.00
-250.00
-250.00
-250.00
-250.00
-250.00
-250.00
-250.00
-250.00
-250.00
-250.00
-250.00
-250.00
-250.00
-250.00
-250.00
-250.00
-250.00
-250.00
-250.00
-250.00
-250.00
-250.00
-250.00
-250.00
-250.00
-250.00
-250.00
-86.83
-80.19
-75.09
-72.95
-71.61
-72.31
-74.30
-78.87
-87.30
-98.61
-98.28
-96.29
-100.98
-96.09
-106.43
-90.71
-89.96
-90.27
-89.38
-90.10
-91.79
-93.37
-95.36
-97.02
-99.43
-101.60
-104.01
-107.98
-111.39
-116.33
-120.95
-125.59
-130.56
-136.78
-142.20
-148.08
-162.34
-161.52
-162.54
-165.67
-169.03
-174.94
-181.13
-194.80
-196.05
-197.30
-206.16
-210.50
-211.95
-212.79
-213.93
-215.45
-217.31
-250.00
-250.00
-250.00
-250.00
-250.00
-250.00
-250.00
-250.00
-250.00
-250.00
-250.00
-250.00
-250.00
-250.00
-250.00
-250.00
-250.00
-250.00
-250.00
-250.00
-250.00
-250.00
-250.00
-250.00
-250.00
-250.00
-250.00
-250.00
-250.00
-250.00
-250.00
-250.00
-250.00
-250.00
-250.00
-250.00
-250.00
-250.00
-250.00
-250.00
-250.00
-82.54
-76.86
-73.12
-71.01
-71.58
-73.93
-78.01
-86.99
-113.55
-93.88
-96.07
-107.06
-93.88
-89.14
-85.81
-85.69
-84.51
-85.36
-86.48
-88.25
-89.98
-92.13
-94.27
-97.36
-100.11
-102.23
-105.01
-107.83
-115.08
-118.23
-121.11
-127.82
-140.29
-143.16
-143.77
-148.26
-161.29
-166.92
-169.48
-172.18
-174.47
-177.86
-184.18
-189.90
-198.28
-204.07
-206.20
-250.00
-250.00
-250.00
-250.00
-250.00
-250.00
-250.00
-250.00
-250.00
-250.00
-250.00
-250.00
-250.00
-250.00
-250.00
-250.00
-250.00
-250.00
-250.00
-250.00
-250.00
-250.00
-250.00
-250.00
-250.00
-250.00
-250.00
-250.00
-250.00
-250.00
-250.00
-250.00
-250.00
-250.00
-250.00
-250.00
-250.00
-250.00
-250.00
-250.00
-250.00
-250.00
-250.00
-250.00
-250.00
-250.00
-86.49
-78.20
-73.94
-71.08
-71.40
-73.75
-79.27
-89.53
-97.40
-92.75
-104.28
-94.99
-87.25
-82.80
-82.99
-81.76
-82.61
-83.00
-84.17
-86.39
-88.03
-90.57
-93.20
-96.18
-99.41
-101.96
-105.00
-110.58
-115.47
-116.50
-122.55
-140.61
-145.61
-144.41
-143.52
-146.78
-157.20
-173.17
-172.07
-169.08
-172.48
-178.54
-187.70
-194.22
-201.98
-202.04
-207.78
-214.17
-217.34
-217.56
-216.96
-217.73
-218.49
-218.41
-217.97
-218.47
-219.26
-219.92
-250.00
-250.00
-250.00
-250.00
-250.00
-250.00
-250.00
-250.00
-250.00
-250.00
-250.00
-250.00
-250.00
-250.00
-250.00
-250.00
-250.00
-250.00
-250.00
-250.00
-250.00
-250.00
-250.00
-250.00
-250.00
-250.00
-250.00
-250.00
-250.00
-250.00
-250.00
-250.00
-250.00
-250.00
-250.00
-250.00
-82.80
-75.78
-72.78
-72.05
-73.88
-79.15
-93.62
-95.17
-94.42
-106.81
-87.27
-84.01
-80.70
-78.96
-79.12
-80.84
-82.38
-83.66
-85.21
-87.68
-91.69
-94.47
-98.96
-106.90
-112.04
-108.31
-119.72
-115.18
-114.15
-119.47
-123.34
-127.36
-123.69
-127.76
-135.90
-143.23
-147.17
-152.51
-159.54
-167.48
-187.43
-184.30
-187.38
-189.73
-190.75
-195.25
-202.20
-211.22
-212.57
-213.41
-214.84
-216.42
-218.02
-218.35
-219.03
-250.00
-250.00
-250.00
-250.00
-250.00
-250.00
-250.00
-250.00
-250.00
-250.00
-250.00
-250.00
-250.00
-250.00
-250.00
-250.00
-250.00
-250.00
-250.00
-250.00
-250.00
-250.00
-250.00
-250.00
-250.00
-250.00
-250.00
-250.00
-250.00
-250.00
-250.00
-250.00
-250.00
-250.00
-250.00
-250.00
-250.00
-250.00
-88.48
-80.17
-75.45
-73.68
-75.09
-80.00
-91.90
-96.89
-96.62
-97.76
-88.20
-82.56
-87.18
-81.36
-80.11
-81.44
-83.09
-86.29
-88.68
-91.23
-95.19
-104.26
-108.00
-120.53
-109.78
-116.53
-111.06
-109.62
-109.00
-109.44
-111.60
-113.54
-116.64
-119.86
-124.79
-130.99
-135.42
-144.16
-151.56
-157.02
-161.37
-174.39
-180.39
-186.39
-188.93
-189.81
-194.05
-201.00
-203.90
-211.55
-213.57
-214.97
-216.34
-218.19
-219.98
-250.00
-250.00
-250.00
-250.00
-250.00
-250.00
-250.00
-250.00
-250.00
-250.00
-250.00
-250.00
-250.00
-250.00
-250.00
-250.00
-250.00
-250.00
-250.00
-250.00
-250.00
-250.00
-250.00
-250.00
-250.00
-250.00
-250.00
-250.00
-250.00
-250.00
-250.00
-250.00
-250.00
-250.00
-250.00
-250.00
-250.00
-250.00
-250.00
-85.44
-79.57
-77.33
-78.53
-83.28
-94.86
-103.29
-106.11
-98.85
-77.94
-77.47
-81.33
-87.84
-85.33
-85.64
-86.89
-92.03
-95.69
-108.22
-115.49
-105.22
-97.18
-96.89
-96.69
-98.60
-100.63
-102.93
-105.11
-105.91
-106.87
-108.68
-112.07
-114.48
-117.26
-122.36
-129.39
-136.20
-142.05
-151.66
-159.12
-170.19
-176.58
-181.44
-182.00
-188.58
-194.77
-197.03
-203.50
-206.29
-212.98
-215.06
-216.53
-217.94
-250.00
-250.00
-250.00
-250.00
-250.00
-250.00
-250.00
-250.00
-250.00
-250.00
-250.00
-250.00
-250.00
-250.00
-250.00
-250.00
-250.00
-250.00
-250.00
-250.00
-250.00
-250.00
-250.00
-250.00
-250.00
-250.00
-250.00
-250.00
-250.00
-250.00
-250.00
-250.00
-250.00
-250.00
-250.00
-250.00
-250.00
-250.00
-250.00
-250.00
-105.58
-87.01
-83.80
-87.38
-100.54
-109.13
-121.70
-80.91
-79.21
-78.65
-80.47
-82.22
-85.43
-94.97
-98.58
-93.13
-98.77
-105.60
-101.28
-100.48
-97.53
-95.74
-95.35
-94.69
-94.90
-96.50
-99.22
-103.58
-106.14
-109.53
-110.89
-112.18
-117.31
-121.85
-120.63
-122.04
-129.58
-141.28
-150.79
-159.50
-166.95
-176.23
-184.45
-184.91
-186.28
-191.03
-191.52
-194.16
-206.02
-213.14
-214.41
-250.00
-250.00
-250.00
-250.00
-250.00
-250.00
-250.00
-250.00
-250.00
-250.00
-250.00
-250.00
-250.00
-250.00
-250.00
-250.00
-250.00
-250.00
-250.00
-250.00
-250.00
-250.00
-250.00
-250.00
-250.00
-250.00
-250.00
-250.00
-250.00
-250.00
-250.00
-250.00
-250.00
-250.00
-250.00
-250.00
-250.00
-250.00
-250.00
-250.00
-250.00
-250.00
-250.00
-97.62
-99.17
-91.97
-82.67
-83.94
-89.49
-82.73
-80.84
-76.56
-74.96
-79.30
-101.08
-90.07
-91.66
-104.07
-108.29
-104.27
-98.74
-97.61
-97.58
-97.33
-96.85
-96.14
-95.96
-97.94
-100.12
-100.93
-103.29
-108.08
-117.25
-125.89
-118.80
-118.78
-124.39
-125.09
-137.13
-144.35
-149.04
-144.48
-156.19
-169.67
-179.40
-181.92
-186.84
-191.10
-203.19
-198.37
-199.43
-208.89
-218.74
-250.00
-250.00
-250.00
-250.00
-250.00
-250.00
-250.00
-250.00
-250.00
-250.00
-250.00
-250.00
-250.00
-250.00
-250.00
-250.00
-250.00
-250.00
-250.00
-250.00
-250.00
-250.00
-250.00
-250.00
-250.00
-250.00
-250.00
-250.00
-250.00
-250.00
-250.00
-250.00
-250.00
-250.00
-250.00
-250.00
-250.00
-250.00
-250.00
-250.00
-250.00
-250.00
-250.00
-250.00
-104.00
-85.72
-77.32
-75.56
-81.95
-93.25
-83.25
-82.39
-71.16
-70.93
-76.38
-85.50
-85.91
-98.03
-99.17
-94.61
-97.28
-105.57
-115.02
-123.49
-108.86
-103.18
-99.79
-98.69
-100.23
-101.65
-101.77
-104.91
-102.54
-101.05
-102.51
-101.77
-104.81
-108.73
-111.26
-116.35
-123.29
-126.17
-131.92
-145.05
-156.91
-168.94
-177.16
-184.99
-190.66
-196.64
-205.86
-207.60
-209.35
-216.25
-218.09
-250.00
-250.00
-250.00
-250.00
-250.00
-250.00
-250.00
-250.00
-250.00
-250.00
-250.00
-250.00
-250.00
-250.00
-250.00
-250.00
-250.00
-250.00
-250.00
-250.00
-250.00
-250.00
-250.00
-250.00
-250.00
-250.00
-250.00
-250.00
-250.00
-250.00
-250.00
-250.00
-250.00
-250.00
-250.00
-250.00
-250.00
-250.00
-250.00
-250.00
-250.00
-250.00
-120.15
-87.84
-77.13
-72.36
-73.38
-86.52
-87.27
-92.94
-73.37
-68.17
-69.24
-76.14
-90.04
-100.03
-86.11
-84.19
-86.08
-89.73
-93.27
-97.28
-100.54
-103.96
-103.53
-102.41
-101.19
-102.83
-108.46
-112.60
-104.57
-99.37
-99.98
-100.55
-100.10
-100.09
-102.63
-105.21
-108.23
-114.33
-120.27
-125.08
-138.13
-154.03
-163.68
-172.73
-182.99
-185.93
-193.12
-195.22
-203.03
-207.94
-209.35
-213.02
-218.05
-250.00
-250.00
-250.00
-250.00
-250.00
-250.00
-250.00
-250.00
-250.00
-250.00
-250.00
-250.00
-250.00
-250.00
-250.00
-250.00
-250.00
-250.00
-250.00
-250.00
-250.00
-250.00
-250.00
-250.00
-250.00
-250.00
-250.00
-250.00
-250.00
-250.00
-250.00
-250.00
-250.00
-250.00
-250.00
-250.00
-250.00
-250.00
-250.00
-250.00
-250.00
-95.15
-81.83
-73.40
-70.00
-73.13
-88.40
-82.52
-81.98
-68.33
-66.28
-69.19
-77.58
-101.37
-82.30
-79.74
-80.85
-83.64
-89.13
-101.40
-99.43
-117.00
-107.66
-104.38
-100.49
-98.11
-99.41
-102.27
-106.47
-109.56
-104.19
-101.30
-98.71
-97.61
-98.07
-100.13
-101.49
-105.18
-109.05
-115.59
-121.61
-134.38
-151.42
-160.01
-172.12
-179.15
-187.18
-192.53
-196.59
-203.26
-204.53
-207.19
-209.58
-213.44
-218.29
-250.00
-250.00
-250.00
-250.00
-250.00
-250.00
-250.00
-250.00
-250.00
-250.00
-250.00
-250.00
-250.00
-250.00
-250.00
-250.00
-250.00
-250.00
-250.00
-250.00
-250.00
-250.00
-250.00
-250.00
-250.00
-250.00
-250.00
-250.00
-250.00
-250.00
-250.00
-250.00
-250.00
-250.00
-250.00
-250.00
-250.00
-250.00
-250.00
-250.00
-88.88
-77.90
-71.17
-69.02
-73.78
-93.71
-93.29
-73.54
-65.83
-65.88
-69.45
-84.70
-84.07
-78.06
-77.48
-79.61
-85.34
-103.59
-108.21
-97.25
-91.84
-90.34
-95.14
-91.82
-90.43
-90.91
-93.15
-94.90
-97.07
-101.68
-105.85
-102.59
-99.54
-98.86
-99.29
-100.36
-102.67
-106.30
-112.67
-118.39
-131.77
-150.95
-158.44
-172.97
-182.93
-185.25
-189.95
-198.10
-199.66
-204.60
-207.06
-210.10
-213.34
-216.13
-250.00
-250.00
-250.00
-250.00
-250.00
-250.00
-250.00
-250.00
-250.00
-250.00
-250.00
-250.00
-250.00
-250.00
-250.00
-250.00
-250.00
-250.00
-250.00
-250.00
-250.00
-250.00
-250.00
-250.00
-250.00
-250.00
-250.00
-250.00
-250.00
-250.00
-250.00
-250.00
-250.00
-250.00
-250.00
-250.00
-250.00
-250.00
-250.00
-250.00
-85.57
-75.23
-70.01
-68.82
-74.65
-99.17
-92.69
-69.67
-65.97
-66.07
-69.36
-104.79
-76.59
-75.18
-76.63
-81.02
-91.95
-90.23
-83.37
-81.66
-80.58
-83.63
-83.97
-84.13
-85.06
-87.02
-87.93
-89.75
-92.75
-95.91
-103.03
-106.11
-103.38
-100.91
-100.66
-100.89
-102.58
-105.44
-110.60
-117.01
-122.99
-140.60
-161.20
-175.72
-185.49
-189.16
-189.55
-199.59
-205.94
-203.23
-208.01
-210.61
-212.99
-215.37
-250.00
-250.00
-250.00
-250.00
-250.00
-250.00
-250.00
-250.00
-250.00
-250.00
-250.00
-250.00
-250.00
-250.00
-250.00
-250.00
-250.00
-250.00
-250.00
-250.00
-250.00
-250.00
-250.00
-250.00
-250.00
-250.00
-250.00
-250.00
-250.00
-250.00
-250.00
-250.00
-250.00
-250.00
-250.00
-250.00
-250.00
-250.00
-250.00
-250.00
-83.32
-74.68
-69.60
-68.61
-73.19
-86.98
-90.84
-71.92
-65.62
-66.33
-71.59
-90.12
-76.17
-74.40
-76.24
-90.61
-88.01
-80.90
-78.78
-77.84
-77.34
-77.41
-78.26
-79.61
-81.60
-81.54
-82.48
-83.85
-86.30
-89.07
-92.16
-96.48
-105.07
-106.59
-103.29
-102.57
-104.09
-107.18
-111.00
-117.19
-123.37
-139.84
-166.91
-180.35
-189.73
-193.17
-194.64
-201.17
-209.12
-208.14
-208.93
-211.16
-213.62
-215.87
-250.00
-250.00
-250.00
-250.00
-250.00
-250.00
-250.00
-250.00
-250.00
-250.00
-250.00
-250.00
-250.00
-250.00
-250.00
-250.00
-250.00
-250.00
-250.00
-250.00
-250.00
-250.00
-250.00
-250.00
-250.00
-250.00
-250.00
-250.00
-250.00
-250.00
-250.00
-250.00
-250.00
-250.00
-250.00
-250.00
-250.00
-250.00
-250.00
-93.19
-82.90
-74.24
-70.05
-69.37
-76.23
-81.63
-82.88
-73.04
-66.51
-66.54
-71.32
-87.46
-77.62
-74.67
-80.04
-92.81
-84.62
-75.85
-75.23
-74.85
-74.69
-75.25
-76.08
-76.49
-77.28
-78.88
-80.57
-81.82
-83.55
-85.68
-87.32
-89.87
-94.85
-102.82
-113.30
-111.90
-110.84
-114.67
-116.16
-128.12
-130.81
-147.28
-192.85
-193.21
-198.30
-198.09
-198.92
-197.82
-208.43
-212.13
-210.94
-212.73
-214.96
-217.24
-250.00
-250.00
-250.00
-250.00
-250.00
-250.00
-250.00
-250.00
-250.00
-250.00
-250.00
-250.00
-250.00
-250.00
-250.00
-250.00
-250.00
-250.00
-250.00
-250.00
-250.00
-250.00
-250.00
-250.00
-250.00
-250.00
-250.00
-250.00
-250.00
-250.00
-250.00
-250.00
-250.00
-250.00
-250.00
-250.00
-250.00
-250.00
-250.00
-92.45
-82.24
-74.89
-70.85
-71.56
-78.27
-82.07
-84.21
-72.82
-67.47
-66.88
-71.13
-90.88
-76.93
-74.89
-76.55
-94.86
-78.60
-77.10
-74.61
-72.36
-72.89
-73.15
-73.89
-74.80
-75.80
-76.95
-77.57
-78.91
-80.76
-82.38
-84.54
-87.22
-91.23
-95.72
-102.11
-116.58
-122.55
-118.54
-134.42
-132.88
-139.18
-155.83
-183.08
-191.02
-200.36
-205.70
-202.08
-198.47
-205.52
-214.07
-215.26
-215.61
-217.34
-219.25
-250.00
-250.00
-250.00
-250.00
-250.00
-250.00
-250.00
-250.00
-250.00
-250.00
-250.00
-250.00
-250.00
-250.00
-250.00
-250.00
-250.00
-250.00
-250.00
-250.00
-250.00
-250.00
-250.00
-250.00
-250.00
-250.00
-250.00
-250.00
-250.00
-250.00
-250.00
-250.00
-250.00
-250.00
-250.00
-250.00
-250.00
-250.00
-250.00
-93.45
-83.11
-75.53
-72.06
-71.15
-74.63
-83.82
-88.66
-75.98
-69.12
-67.96
-70.65
-78.13
-85.86
-75.96
-76.48
-82.60
-88.63
-76.46
-72.75
-72.57
-72.60
-71.97
-72.52
-73.18
-74.22
-75.38
-76.64
-78.16
-79.54
-80.96
-83.32
-85.46
-88.83
-95.07
-103.51
-110.30
-126.98
-124.76
-125.27
-122.53
-123.24
-132.39
-168.15
-180.27
-188.70
-207.29
-206.29
-207.15
-210.69
-217.68
-250.00
-250.00
-250.00
-250.00
-250.00
-250.00
-250.00
-250.00
-250.00
-250.00
-250.00
-250.00
-250.00
-250.00
-250.00
-250.00
-250.00
-250.00
-250.00
-250.00
-250.00
-250.00
-250.00
-250.00
-250.00
-250.00
-250.00
-250.00
-250.00
-250.00
-250.00
-250.00
-250.00
-250.00
-250.00
-250.00
-250.00
-250.00
-250.00
-250.00
-250.00
-250.00
-250.00
-92.43
-84.24
-77.11
-72.80
-71.78
-74.17
-83.98
-83.23
-82.38
-72.00
-69.37
-70.44
-78.23
-88.97
-77.99
-77.02
-80.28
-100.50
-81.43
-72.12
-72.38
-71.85
-71.71
-72.20
-72.83
-73.85
-74.88
-76.07
-77.43
-79.02
-81.16
-83.53
-86.53
-93.33
-109.85
-113.53
-114.50
-108.80
-107.55
-118.56
-123.79
-122.02
-123.59
-149.56
-168.66
-184.17
-190.14
-194.64
-199.13
-208.84
-216.25
-250.00
-250.00
-250.00
-250.00
-250.00
-250.00
-250.00
-250.00
-250.00
-250.00
-250.00
-250.00
-250.00
-250.00
-250.00
-250.00
-250.00
-250.00
-250.00
-250.00
-250.00
-250.00
-250.00
-250.00
-250.00
-250.00
-250.00
-250.00
-250.00
-250.00
-250.00
-250.00
-250.00
-250.00
-250.00
-250.00
-250.00
-250.00
-250.00
-250.00
-250.00
-250.00
-250.00
-93.66
-84.32
-78.60
-75.37
-74.56
-77.70
-86.39
-80.55
-86.37
-78.06
-72.02
-70.92
-75.59
-88.60
-81.72
-78.75
-81.18
-91.65
-84.45
-80.15
-74.29
-72.88
-71.76
-71.80
-72.46
-73.41
-75.01
-76.88
-78.15
-79.49
-81.09
-83.73
-88.17
-98.65
-111.59
-101.66
-97.10
-97.07
-101.52
-102.96
-109.84
-129.90
-127.08
-136.75
-158.66
-178.30
-192.73
-193.23
-198.52
-200.94
-208.27
-212.15
-215.30
-219.57
-250.00
-250.00
-250.00
-250.00
-250.00
-250.00
-250.00
-250.00
-250.00
-250.00
-250.00
-250.00
-250.00
-250.00
-250.00
-250.00
-250.00
-250.00
-250.00
-250.00
-250.00
-250.00
-250.00
-250.00
-250.00
-250.00
-250.00
-250.00
-250.00
-250.00
-250.00
-250.00
-250.00
-250.00
-250.00
-250.00
-250.00
-250.00
-250.00
-250.00
-93.07
-86.66
-80.39
-77.70
-77.08
-80.22
-89.22
-82.89
-84.70
-81.03
-73.92
-72.14
-73.31
-81.45
-93.22
-80.02
-79.63
-87.83
-92.54
-80.86
-76.24
-74.17
-72.45
-72.28
-72.93
-74.08
-74.83
-76.05
-78.99
-81.85
-83.54
-85.29
-91.06
-100.28
-110.57
-99.87
-95.59
-93.06
-92.35
-97.48
-100.12
-106.43
-118.23
-131.86
-145.48
-170.86
-193.60
-193.56
-196.87
-200.58
-204.75
-207.98
-210.77
-213.96
-217.69
-250.00
-250.00
-250.00
-250.00
-250.00
-250.00
-250.00
-250.00
-250.00
-250.00
-250.00
-250.00
-250.00
-250.00
-250.00
-250.00
-250.00
-250.00
-250.00
-250.00
-250.00
-250.00
-250.00
-250.00
-250.00
-250.00
-250.00
-250.00
-250.00
-250.00
-250.00
-250.00
-250.00
-250.00
-250.00
-250.00
-250.00
-250.00
-250.00
-94.56
-87.42
-82.38
-78.79
-76.71
-77.41
-82.06
-86.75
-88.92
-84.18
-75.86
-73.86
-74.86
-79.24
-93.79
-83.08
-81.33
-82.13
-93.32
-87.55
-77.35
-77.27
-74.43
-73.79
-73.56
-74.40
-75.72
-76.63
-78.85
-80.79
-86.55
-92.03
-96.48
-112.90
-99.70
-94.79
-92.69
-90.85
-91.07
-92.31
-96.23
-102.91
-108.92
-119.68
-137.92
-166.90
-188.37
-191.47
-194.57
-199.01
-202.09
-206.13
-209.57
-211.10
-214.11
-217.63
-250.00
-250.00
-250.00
-250.00
-250.00
-250.00
-250.00
-250.00
-250.00
-250.00
-250.00
-250.00
-250.00
-250.00
-250.00
-250.00
-250.00
-250.00
-250.00
-250.00
-250.00
-250.00
-250.00
-250.00
-250.00
-250.00
-250.00
-250.00
-250.00
-250.00
-250.00
-250.00
-250.00
-250.00
-250.00
-250.00
-250.00
-250.00
-97.03
-90.13
-84.21
-79.80
-77.93
-77.69
-80.22
-85.87
-92.33
-86.58
-80.73
-76.82
-75.99
-77.87
-85.01
-94.67
-85.14
-83.04
-85.96
-104.33
-84.00
-79.72
-77.86
-75.68
-75.94
-75.72
-76.63
-78.85
-80.11
-81.17
-86.97
-88.71
-106.70
-93.54
-90.77
-89.32
-88.61
-88.37
-88.58
-89.43
-91.48
-96.61
-104.36
-114.20
-124.71
-144.18
-228.34
-197.79
-196.15
-196.86
-198.97
-203.50
-207.70
-210.33
-212.97
-216.10
-250.00
-250.00
-250.00
-250.00
-250.00
-250.00
-250.00
-250.00
-250.00
-250.00
-250.00
-250.00
-250.00
-250.00
-250.00
-250.00
-250.00
-250.00
-250.00
-250.00
-250.00
-250.00
-250.00
-250.00
-250.00
-250.00
-250.00
-250.00
-250.00
-250.00
-250.00
-250.00
-250.00
-250.00
-250.00
-250.00
-250.00
-250.00
-99.09
-92.21
-86.68
-83.42
-81.36
-81.24
-84.23
-88.33
-88.41
-90.68
-89.55
-81.57
-78.21
-78.38
-81.80
-100.42
-92.41
-84.70
-85.47
-89.01
-98.88
-86.24
-82.38
-78.44
-77.53
-77.85
-78.04
-79.17
-81.66
-85.67
-86.88
-90.29
-112.74
-103.74
-89.05
-87.44
-86.16
-86.11
-86.66
-87.37
-89.58
-94.29
-99.67
-104.04
-111.26
-124.53
-181.33
-203.11
-201.45
-195.24
-196.46
-199.30
-206.53
-210.44
-212.80
-215.58
-250.00
-250.00
-250.00
-250.00
-250.00
-250.00
-250.00
-250.00
-250.00
-250.00
-250.00
-250.00
-250.00
-250.00
-250.00
-250.00
-250.00
-250.00
-250.00
-250.00
-250.00
-250.00
-250.00
-250.00
-250.00
-250.00
-250.00
-250.00
-250.00
-250.00
-250.00
-250.00
-250.00
-250.00
-250.00
-250.00
-250.00
-250.00
-100.34
-94.42
-90.03
-87.61
-86.18
-86.75
-91.05
-96.54
-88.97
-89.36
-104.22
-86.48
-80.63
-79.95
-82.01
-85.58
-101.78
-89.96
-86.93
-88.32
-98.54
-90.24
-84.77
-82.24
-80.40
-79.65
-79.55
-80.34
-81.73
-84.73
-89.16
-91.18
-96.43
-98.65
-90.36
-90.16
-89.79
-87.92
-87.53
-86.32
-88.49
-92.13
-95.32
-98.73
-103.13
-112.43
-130.80
-183.07
-212.53
-201.62
-198.39
-198.68
-206.79
-210.45
-213.45
-215.74
-250.00
-250.00
-250.00
-250.00
-250.00
-250.00
-250.00
-250.00
-250.00
-250.00
-250.00
-250.00
-250.00
-250.00
-250.00
-250.00
-250.00
-250.00
-250.00
-250.00
-250.00
-250.00
-250.00
-250.00
-250.00
-250.00
-250.00
-250.00
-250.00
-250.00
-250.00
-250.00
-250.00
-250.00
-250.00
-250.00
-250.00
-250.00
-101.25
-95.15
-91.58
-88.78
-87.23
-87.35
-89.46
-94.42
-93.65
-91.31
-96.72
-94.40
-85.61
-82.33
-82.43
-84.57
-92.48
-95.99
-91.21
-89.96
-94.60
-104.81
-91.51
-88.02
-83.84
-82.46
-81.82
-82.17
-82.73
-85.18
-89.07
-93.19
-94.41
-102.60
-96.46
-92.14
-89.73
-87.66
-88.25
-89.46
-90.39
-90.77
-92.71
-95.45
-98.81
-104.73
-113.86
-161.73
-180.33
-196.52
-197.69
-198.85
-207.44
-210.42
-214.61
-217.52
-250.00
-250.00
-250.00
-250.00
-250.00
-250.00
-250.00
-250.00
-250.00
-250.00
-250.00
-250.00
-250.00
-250.00
-250.00
-250.00
-250.00
-250.00
-250.00
-250.00
-250.00
-250.00
-250.00
-250.00
-250.00
-250.00
-250.00
-250.00
-250.00
-250.00
-250.00
-250.00
-250.00
-250.00
-250.00
-250.00
-250.00
-250.00
-103.46
-97.43
-92.11
-89.07
-87.16
-86.38
-87.45
-89.32
-93.69
-96.20
-99.05
-99.80
-90.86
-85.62
-84.40
-85.16
-89.04
-103.17
-99.89
-93.69
-93.69
-101.60
-106.28
-93.96
-87.74
-86.37
-84.97
-84.43
-85.11
-85.92
-88.30
-93.23
-100.30
-106.86
-107.58
-94.50
-90.46
-91.23
-90.00
-90.00
-91.66
-93.43
-95.43
-97.15
-100.12
-105.89
-125.19
-161.65
-176.45
-186.68
-199.25
-210.31
-211.06
-211.57
-214.93
-219.30
-250.00
-250.00
-250.00
-250.00
-250.00
-250.00
-250.00
-250.00
-250.00
-250.00
-250.00
-250.00
-250.00
-250.00
-250.00
-250.00
-250.00
-250.00
-250.00
-250.00
-250.00
-250.00
-250.00
-250.00
-250.00
-250.00
-250.00
-250.00
-250.00
-250.00
-250.00
-250.00
-250.00
-250.00
-250.00
-250.00
-250.00
-250.00
-105.53
-100.10
-95.67
-91.27
-88.83
-87.69
-87.78
-89.48
-93.29
-99.59
-105.75
-100.79
-96.15
-90.42
-87.36
-86.89
-88.75
-93.37
-100.85
-104.24
-97.26
-97.63
-101.98
-108.59
-96.97
-91.24
-88.52
-87.41
-87.77
-88.40
-89.51
-91.24
-97.47
-112.90
-111.69
-101.45
-99.30
-96.68
-94.98
-93.99
-94.66
-96.27
-97.87
-100.90
-105.88
-117.33
-146.45
-163.82
-176.79
-184.59
-188.70
-203.81
-250.00
-213.81
-215.47
-219.52
-250.00
-250.00
-250.00
-250.00
-250.00
-250.00
-250.00
-250.00
-250.00
-250.00
-250.00
-250.00
-250.00
-250.00
-250.00
-250.00
-250.00
-250.00
-250.00
-250.00
-250.00
-250.00
-250.00
-250.00
-250.00
-250.00
-250.00
-250.00
-250.00
-250.00
-250.00
-250.00
-250.00
-250.00
-250.00
-250.00
-250.00
-250.00
-108.68
-103.36
-98.92
-95.95
-92.28
-90.63
-90.43
-91.36
-94.18
-99.45
-106.05
-110.01
-102.22
-94.58
-90.59
-89.24
-89.97
-92.65
-96.87
-116.17
-101.83
-100.17
-101.10
-104.26
-118.88
-98.82
-94.33
-92.27
-91.80
-91.78
-91.99
-93.21
-95.26
-101.85
-126.73
-118.26
-108.69
-103.33
-101.11
-99.72
-100.10
-101.27
-103.58
-107.11
-127.78
-141.75
-153.59
-167.35
-180.36
-184.93
-191.26
-198.59
-208.50
-250.00
-218.56
-219.47
-250.00
-250.00
-250.00
-250.00
-250.00
-250.00
-250.00
-250.00
-250.00
-250.00
-250.00
-250.00
-250.00
-250.00
-250.00
-250.00
-250.00
-250.00
-250.00
-250.00
-250.00
-250.00
-250.00
-250.00
-250.00
-250.00
-250.00
-250.00
-250.00
-250.00
-250.00
-250.00
-250.00
-250.00
-250.00
-250.00
-250.00
-250.00
-111.65
-106.51
-102.17
-99.04
-96.47
-95.30
-95.09
-96.33
-98.53
-101.70
-104.14
-107.02
-110.95
-100.40
-94.79
-92.56
-92.48
-93.78
-97.51
-106.75
-109.08
-102.74
-102.90
-104.93
-113.88
-109.87
-100.68
-96.75
-95.55
-96.06
-96.35
-96.78
-98.49
-101.30
-108.12
-131.45
-120.81
-112.76
-112.45
-110.56
-109.52
-110.65
-120.15
-129.85
-138.89
-150.72
-163.81
-174.82
-184.40
-190.19
-194.16
-198.88
-205.92
-214.52
-250.00
-250.00
-250.00
-250.00
-250.00
-250.00
-250.00
-250.00
-250.00
-250.00
-250.00
-250.00
-250.00
-250.00
-250.00
-250.00
-250.00
-250.00
-250.00
-250.00
-250.00
-250.00
-250.00
-250.00
-250.00
-250.00
-250.00
-250.00
-250.00
-250.00
-250.00
-250.00
-250.00
-250.00
-250.00
-250.00
-250.00
-250.00
-250.00
-250.00
-114.37
-109.07
-105.12
-102.10
-99.77
-98.29
-97.89
-102.51
-105.14
-107.79
-106.82
-106.70
-110.34
-115.46
-102.07
-97.40
-95.86
-96.07
-98.48
-104.09
-117.45
-108.20
-106.43
-105.47
-107.98
-115.63
-113.54
-105.04
-102.63
-102.54
-101.59
-101.90
-103.46
-106.21
-109.62
-115.30
-134.54
-132.98
-122.22
-119.26
-126.15
-129.93
-135.38
-143.26
-153.35
-165.18
-174.62
-183.87
-191.88
-197.11
-201.49
-206.19
-210.37
-218.48
-250.00
-250.00
-250.00
-250.00
-250.00
-250.00
-250.00
-250.00
-250.00
-250.00
-250.00
-250.00
-250.00
-250.00
-250.00
-250.00
-250.00
-250.00
-250.00
-250.00
-250.00
-250.00
-250.00
-250.00
-250.00
-250.00
-250.00
-250.00
-250.00
-250.00
-250.00
-250.00
-250.00
-250.00
-250.00
-250.00
-250.00
-250.00
-250.00
-250.00
-117.01
-112.36
-108.48
-105.25
-102.84
-101.11
-100.47
-101.19
-112.13
-137.27
-112.24
-108.58
-110.15
-126.05
-109.37
-102.46
-99.53
-99.27
-100.72
-103.77
-108.79
-122.33
-113.51
-109.21
-109.38
-112.43
-120.80
-125.71
-114.83
-111.82
-109.79
-108.76
-109.52
-111.62
-114.52
-118.21
-124.43
-133.57
-150.54
-145.49
-142.20
-145.42
-151.59
-159.88
-168.09
-176.15
-184.38
-193.18
-199.51
-204.89
-209.44
-213.44
-217.57
-250.00
-250.00
-250.00
-250.00
-250.00
-250.00
-250.00
-250.00
-250.00
-250.00
-250.00
-250.00
-250.00
-250.00
-250.00
-250.00
-250.00
-250.00
-250.00
-250.00
-250.00
-250.00
-250.00
-250.00
-250.00
-250.00
-250.00
-250.00
-250.00
-250.00
-250.00
-250.00
-250.00
-250.00
-250.00
-250.00
-250.00
-250.00
-250.00
-250.00
-250.00
-119.24
-115.14
-112.20
-108.95
-105.91
-104.28
-102.07
-103.40
-104.54
-108.00
-115.94
-113.29
-111.90
-118.81
-119.72
-109.22
-103.89
-102.20
-103.11
-104.45
-108.48
-116.38
-129.03
-115.91
-113.31
-113.77
-117.20
-125.47
-138.70
-125.99
-119.52
-117.09
-116.78
-117.87
-119.92
-123.43
-128.69
-134.78
-141.57
-150.59
-183.18
-166.30
-168.85
-172.46
-178.80
-186.82
-195.60
-203.25
-209.96
-214.96
-216.99
-250.00
-250.00
-250.00
-250.00
-250.00
-250.00
-250.00
-250.00
-250.00
-250.00
-250.00
-250.00
-250.00
-250.00
-250.00
-250.00
-250.00
-250.00
-250.00
-250.00
-250.00
-250.00
-250.00
-250.00
-250.00
-250.00
-250.00
-250.00
-250.00
-250.00
-250.00
-250.00
-250.00
-250.00
-250.00
-250.00
-250.00
-250.00
-250.00
-250.00
-250.00
-250.00
-250.00
-121.01
-114.96
-109.86
-106.17
-104.09
-102.58
-102.19
-102.61
-104.59
-107.06
-113.21
-116.06
-117.79
-117.52
-126.89
-116.27
-109.71
-106.02
-104.78
-105.73
-108.24
-111.54
-121.31
-126.96
-119.01
-118.59
-120.85
-122.96
-128.15
-142.83
-131.80
-125.75
-123.96
-124.48
-127.82
-132.20
-137.41
-143.44
-149.93
-156.67
-166.46
-181.99
-189.16
-187.58
-192.36
-199.78
-206.83
-211.08
-215.26
-218.83
-250.00
-250.00
-250.00
-250.00
-250.00
-250.00
-250.00
-250.00
-250.00
-250.00
-250.00
-250.00
-250.00
-250.00
-250.00
-250.00
-250.00
-250.00
-250.00
-250.00
-250.00
-250.00
-250.00
-250.00
-250.00
-250.00
-250.00
-250.00
-250.00
-250.00
-250.00
-250.00
-250.00
-250.00
-250.00
-250.00
-250.00
-250.00
-250.00
-250.00
-250.00
-250.00
-250.00
-250.00
-119.64
-116.03
-113.33
-112.31
-110.27
-108.62
-107.39
-109.95
-110.74
-112.59
-116.66
-122.93
-138.04
-127.53
-130.94
-131.22
-118.92
-114.79
-112.35
-112.23
-112.06
-116.71
-121.03
-126.18
-133.73
-133.04
-129.17
-130.80
-133.85
-139.06
-153.27
-139.12
-137.85
-139.94
-143.15
-146.08
-149.37
-152.73
-157.19
-161.39
-168.33
-178.84
-191.82
-209.93
-211.39
-209.73
-212.33
-215.74
-219.40
-250.00
-250.00
-250.00
-250.00
-250.00
-250.00
-250.00
-250.00
-250.00
-250.00
-250.00
-250.00
-250.00
-250.00
-250.00
-250.00
-250.00
-250.00
-250.00
-250.00
-250.00
-250.00
-250.00
-250.00
-250.00
-250.00
-250.00
-250.00
-250.00
-250.00
-250.00
-250.00
-250.00
-250.00
-250.00
-250.00
-250.00
-250.00
-250.00
-250.00
-250.00
-250.00
-250.00
-250.00
-250.00
-128.61
-122.16
-118.23
-115.61
-112.93
-111.44
-110.43
-109.65
-109.94
-115.37
-118.07
-122.68
-132.69
-137.10
-137.50
-138.10
-130.02
-124.23
-118.58
-117.75
-117.77
-119.77
-122.01
-125.55
-131.88
-141.56
-144.55
-141.16
-142.12
-145.20
-151.94
-158.41
-152.80
-151.82
-152.76
-154.15
-157.43
-160.97
-164.59
-168.87
-176.27
-186.07
-195.92
-203.09
-250.00
-250.00
-250.00
-250.00
-250.00
-250.00
-250.00
-250.00
-250.00
-250.00
-250.00
-250.00
-250.00
-250.00
-250.00
-250.00
-250.00
-250.00
-250.00
-250.00
-250.00
-250.00
-250.00
-250.00
-250.00
-250.00
-250.00
-250.00
-250.00
-250.00
-250.00
-250.00
-250.00
-250.00
-250.00
-250.00
-250.00
-250.00
-250.00
-250.00
-250.00
-250.00
-250.00
-250.00
-250.00
-250.00
-250.00
-250.00
-250.00
-250.00
-130.89
-125.11
-120.97
-118.89
-116.79
-115.12
-113.85
-113.69
-113.50
-114.34
-116.41
-125.37
-132.97
-153.66
-137.59
-138.64
-170.15
-135.46
-128.45
-124.65
-124.26
-124.75
-126.58
-129.95
-134.52
-140.96
-150.70
-154.94
-151.13
-151.89
-156.14
-165.16
-167.58
-162.13
-161.80
-163.84
-166.94
-170.92
-174.82
-178.07
-184.89
-190.79
-196.68
-203.40
-211.52
-250.00
-250.00
-250.00
-250.00
-250.00
-250.00
-250.00
-250.00
-250.00
-250.00
-250.00
-250.00
-250.00
-250.00
-250.00
-250.00
-250.00
-250.00
-250.00
-250.00
-250.00
-250.00
-250.00
-250.00
-250.00
-250.00
-250.00
-250.00
-250.00
-250.00
-250.00
-250.00
-250.00
-250.00
-250.00
-250.00
-250.00
-250.00
-250.00
-250.00
-250.00
-250.00
-250.00
-250.00
-250.00
-250.00
-250.00
-250.00
-250.00
